2.205000000000000071e+01	5.441000000000000003e-02	-4.387228090855061424e+01	1.186295495073131014e-19
2.210000000000000142e+01	5.442000000000000309e-02	1.523363994968194302e-01	4.489577216539548531e-25
2.214999999999999858e+01	5.443000000000000616e-02	7.628107962224540683e-01	1.121733325910712883e-23
2.219999999999999929e+01	5.444000000000000228e-02	2.790177521984008591e-01	1.514623561150695853e-24
2.225000000000000000e+01	5.445000000000000534e-02	-6.699541841132042874e-01	8.662981090365950687e-24
2.230000000000000071e+01	5.446000000000000146e-02	-5.302760885410452707e-02	5.486909060954181836e-26
2.235000000000000142e+01	5.447000000000000453e-02	7.973119118562008723e-01	1.229009332977778617e-23
2.239999999999999858e+01	5.448000000000000065e-02	-6.405396504417391057e-01	7.933990689075589082e-24
2.244999999999999929e+01	5.449000000000000371e-02	-6.240663302689952729e-01	7.546320345063277057e-24
2.250000000000000000e+01	5.450000000000000677e-02	1.717868779954043745e-01	5.671959589079275493e-25
2.255000000000000071e+01	5.451000000000000290e-02	2.115240326877674548e-01	8.623021063899587603e-25
2.260000000000000142e+01	5.452000000000000596e-02	-4.269117288502387031e-01	3.491402700276475572e-24
2.264999999999999858e+01	5.453000000000000208e-02	2.622092729587215953e-01	1.333247853733189836e-24
2.269999999999999929e+01	5.454000000000000514e-02	8.218099635387444701e-01	1.300445383733147449e-23
2.275000000000000000e+01	5.455000000000000127e-02	-5.113092881743177415e-02	5.083665636900599637e-26
2.280000000000000071e+01	5.456000000000000433e-02	-5.891420949300021359e-01	6.703400703341510962e-24
2.285000000000000142e+01	5.457000000000000045e-02	2.138765580731438187e-01	8.913751802276873602e-25
2.289999999999999858e+01	5.458000000000000351e-02	4.474282992934673908e-01	3.859231372479171135e-24
2.294999999999999929e+01	5.458999999999999964e-02	-1.145391428573881543e+00	2.525778115603489377e-23
2.300000000000000000e+01	5.460000000000000270e-02	-2.373725516953719139e-01	1.089173612729803310e-24
2.305000000000000071e+01	5.461000000000000576e-02	7.028635270839389548e-01	9.456535922062274418e-24
2.310000000000000142e+01	5.462000000000000188e-02	1.410612631044907694e-01	3.841560459272113904e-25
2.314999999999999858e+01	5.463000000000000494e-02	-2.915988362006227130e-01	1.636303020306400070e-24
2.319999999999999929e+01	5.464000000000000107e-02	6.981757139311325910e-02	9.436520409033248481e-26
2.325000000000000000e+01	5.465000000000000413e-02	4.926524049212512857e-01	4.682825133315834877e-24
2.330000000000000071e+01	5.466000000000000025e-02	2.651576331435530065e-01	1.367061988394907475e-24
2.335000000000000142e+01	5.467000000000000332e-02	-3.813077352241694973e-01	2.809340524448313622e-24
2.339999999999999858e+01	5.468000000000000638e-02	-4.040493954087284179e-01	3.168569221276975766e-24
2.344999999999999929e+01	5.469000000000000250e-02	-1.020491013234506028e-01	1.999625122462196953e-25
2.350000000000000000e+01	5.470000000000000556e-02	-9.223595555011767644e-01	1.623098207334099208e-23
2.355000000000000071e+01	5.471000000000000169e-02	2.384746360982739066e-01	1.093910767097329175e-24
2.360000000000000142e+01	5.472000000000000475e-02	9.823226089934625760e-01	1.842423422964075969e-23
2.364999999999999858e+01	5.473000000000000087e-02	3.094856612533012918e-01	1.855534507089386325e-24
2.369999999999999929e+01	5.474000000000000393e-02	-5.569314224147309256e-01	5.954668754369071558e-24
2.375000000000000000e+01	5.475000000000000006e-02	-6.842051242462010574e-02	9.097541803123784500e-26
2.380000000000000071e+01	5.476000000000000312e-02	8.844990079639961644e-01	1.508337310954394429e-23
2.385000000000000142e+01	5.477000000000000618e-02	-5.103081373340435656e-01	5.022841368155021992e-24
2.389999999999999858e+01	5.478000000000000230e-02	-6.556733613522087722e-01	8.313116363425000077e-24
2.394999999999999929e+01	5.479000000000000536e-02	8.720097543247147531e-02	1.458626587695776674e-25
2.400000000000000000e+01	5.480000000000000149e-02	-1.461559831226549588e-01	4.087960173992184684e-25
2.405000000000000071e+01	5.481000000000000455e-02	-4.766376710132562700e-01	4.336116154840711320e-24
2.410000000000000142e+01	5.482000000000000067e-02	5.201548614846924767e-01	5.202847922341775797e-24
2.414999999999999858e+01	5.483000000000000373e-02	9.462937540553367777e-01	1.719560783366869896e-23
2.419999999999999929e+01	5.483999999999999986e-02	5.535145586492577069e-02	5.935736027966458859e-26
2.425000000000000000e+01	5.485000000000000292e-02	-5.670977707776325705e-01	6.205917019226028057e-24
2.430000000000000071e+01	5.486000000000000598e-02	4.992493110327628769e-01	4.864082135037172841e-24
2.435000000000000142e+01	5.487000000000000210e-02	1.100237796432806281e+00	2.352292429291889385e-23
2.439999999999999858e+01	5.488000000000000517e-02	-5.437210509806387204e-01	5.765886512951195168e-24
2.444999999999999929e+01	5.489000000000000129e-02	-4.101330575153616653e-02	3.314258317824262127e-26
2.450000000000000000e+01	5.490000000000000435e-02	1.257878459868209564e+00	3.115217554271783605e-23
2.455000000000000071e+01	5.491000000000000048e-02	1.056892418247617149e+00	2.230866397461981112e-23
2.460000000000000142e+01	5.492000000000000354e-02	3.895491778132020300e-01	3.053763949957310072e-24
2.464999999999999858e+01	5.493000000000000660e-02	1.024924570468841889e+00	2.157775575087342544e-23
2.469999999999999929e+01	5.494000000000000272e-02	1.472830504059365220e+00	4.477491591024081377e-23
2.475000000000000000e+01	5.495000000000000578e-02	1.375451494746016579e+00	4.017765100815262292e-23
2.480000000000000071e+01	5.496000000000000191e-02	7.516831842491528137e-01	1.202836901067112254e-23
2.485000000000000142e+01	5.497000000000000497e-02	4.637553038906269687e-01	4.688206761690862401e-24
2.489999999999999858e+01	5.498000000000000109e-02	1.369853050429810315e+00	4.117940316238364149e-23
2.494999999999999929e+01	5.499000000000000415e-02	4.065471390896977510e-01	3.648578430769188863e-24
2.500000000000000000e+01	5.500000000000000028e-02	5.685895954354304171e-01	7.298800959701743578e-24
2.505000000000000071e+01	5.501000000000000334e-02	1.431109544363781350e+00	4.645801701448453898e-23
2.510000000000000142e+01	5.501999999999999946e-02	1.423047682939265535e+00	4.711683876809455622e-23
2.514999999999999858e+01	5.503000000000000252e-02	1.381307004411390427e+00	4.517564198840435852e-23
2.519999999999999929e+01	5.504000000000000559e-02	1.088694427478697824e+00	2.867635584304907211e-23
2.525000000000000000e+01	5.505000000000000171e-02	1.227696278969182320e+00	3.719347123829456901e-23
2.530000000000000071e+01	5.506000000000000477e-02	1.077021727825763442e+00	2.906333414981088883e-23
2.535000000000000142e+01	5.507000000000000089e-02	4.209764021717061211e-01	4.492623013263225974e-24
2.539999999999999858e+01	5.508000000000000396e-02	1.151011885014122660e+00	3.445428312451679450e-23
2.544999999999999929e+01	5.509000000000000008e-02	1.365943423167592652e+00	4.875112109136132388e-23
2.550000000000000000e+01	5.510000000000000314e-02	4.418683649736261376e-01	5.218867504190124356e-24
2.555000000000000071e+01	5.511000000000000620e-02	1.201470029672539575e+00	3.944926082901179883e-23
2.560000000000000142e+01	5.512000000000000233e-02	1.142529124050775557e+00	3.589002791439098798e-23
2.564999999999999858e+01	5.513000000000000539e-02	9.801619178763079088e-01	2.731984027108426265e-23
2.569999999999999929e+01	5.514000000000000151e-02	1.271232355411876513e+00	4.645011111765402513e-23
2.575000000000000000e+01	5.515000000000000457e-02	1.128410758452524698e+00	3.768881790636279386e-23
2.580000000000000071e+01	5.516000000000000070e-02	1.022213040635713721e+00	3.138660641949822022e-23
2.585000000000000142e+01	5.517000000000000376e-02	6.638308649079172064e-01	1.351123245622249301e-23
2.589999999999999858e+01	5.517999999999999988e-02	6.208902843295758256e-01	1.196496659303580266e-23
2.594999999999999929e+01	5.519000000000000294e-02	1.220568672085809325e+00	4.747600111070327543e-23
2.600000000000000000e+01	5.520000000000000601e-02	1.227828790235959477e+00	4.861943917553883586e-23
2.605000000000000071e+01	5.521000000000000213e-02	8.262770240302800273e-01	2.272314765330353415e-23
2.610000000000000142e+01	5.522000000000000519e-02	1.109160662363129823e+00	4.172731502452278887e-23
2.614999999999999858e+01	5.523000000000000131e-02	8.290538529364015474e-01	2.372871873489655420e-23
2.619999999999999929e+01	5.524000000000000438e-02	9.237515097767171612e-01	3.030269994565255866e-23
2.625000000000000000e+01	5.525000000000000050e-02	5.637044969488124169e-01	1.132411513887745892e-23
2.630000000000000071e+01	5.526000000000000356e-02	6.910679780197563904e-01	1.761503690023128904e-23
2.635000000000000142e+01	5.526999999999999968e-02	1.231543367474826622e+00	5.640346373336308816e-23
2.639999999999999858e+01	5.528000000000000275e-02	8.660031238048441216e-01	2.873211524924893090e-23
2.644999999999999929e+01	5.529000000000000581e-02	9.530949702661404288e-01	3.565265971302344931e-23
2.650000000000000000e+01	5.530000000000000193e-02	8.300166377714762733e-01	2.754906852372369823e-23
2.655000000000000071e+01	5.531000000000000499e-02	9.837611367709646615e-01	3.993798844930793823e-23
2.660000000000000142e+01	5.532000000000000112e-02	8.780786157652686885e-01	3.224699027035433370e-23
2.664999999999999858e+01	5.533000000000000418e-02	6.434174045915962425e-01	1.784918096518622040e-23
2.669999999999999929e+01	5.534000000000000030e-02	5.472237815255409643e-01	1.301890098665915538e-23
2.675000000000000000e+01	5.535000000000000336e-02	8.069605184667697495e-01	2.923942470580236044e-23
2.680000000000000071e+01	5.536000000000000643e-02	8.735470212441994731e-01	3.453210693478594921e-23
2.685000000000000142e+01	5.537000000000000255e-02	6.124517537860889593e-01	1.754749486860588021e-23
2.689999999999999858e+01	5.538000000000000561e-02	7.639900131701516939e-01	2.770561722266584171e-23
2.694999999999999929e+01	5.539000000000000173e-02	9.643581609545586186e-01	4.561603598895089940e-23
2.700000000000000000e+01	5.540000000000000480e-02	8.188330815251031458e-01	3.339143226179911915e-23
2.705000000000000071e+01	5.541000000000000092e-02	5.431484923533911324e-01	1.516271067875896198e-23
2.710000000000000142e+01	5.542000000000000398e-02	7.146972975381211679e-01	2.669529066313634964e-23
2.714999999999999858e+01	5.543000000000000010e-02	6.489199204949983035e-02	2.206553246531360333e-25
2.719999999999999929e+01	5.544000000000000317e-02	3.874762414657560022e-02	8.039251429043699240e-26
2.725000000000000000e+01	5.544999999999999929e-02	3.826134243280283620e-01	7.782894328588363453e-24
2.730000000000000071e+01	5.546000000000000235e-02	9.253107147326915527e-01	4.733772602960253699e-23
2.735000000000000142e+01	5.547000000000000541e-02	1.463903049933191758e+00	1.211894736010722119e-22
2.739999999999999858e+01	5.548000000000000154e-02	8.733810858095799601e-01	4.484320928247356123e-23
2.744999999999999929e+01	5.549000000000000460e-02	7.865094199234071715e-01	3.782485144187426225e-23
2.750000000000000000e+01	5.550000000000000072e-02	6.420348141918107432e-01	2.557090393078380684e-23
2.755000000000000071e+01	5.551000000000000378e-02	6.468057411324158457e-01	2.695141470092856224e-23
2.760000000000000142e+01	5.551999999999999991e-02	9.090011129364033993e-01	5.427849991198745130e-23
2.764999999999999858e+01	5.553000000000000297e-02	7.969399615903958178e-01	4.320783386394463318e-23
2.769999999999999929e+01	5.554000000000000603e-02	4.263536122334408707e-01	1.256270055841059466e-23
2.775000000000000000e+01	5.555000000000000215e-02	4.176248618522631073e-01	1.243840827765192773e-23
2.780000000000000071e+01	5.556000000000000522e-02	8.830165755192145305e-01	5.674631528590700934e-23
2.785000000000000142e+01	5.557000000000000134e-02	6.498357328419338552e-01	3.143218288061345440e-23
2.789999999999999858e+01	5.558000000000000440e-02	8.197058711668181452e-01	5.241626573474887257e-23
2.794999999999999929e+01	5.559000000000000052e-02	6.386837534272523653e-01	3.201492100509924115e-23
2.800000000000000000e+01	5.560000000000000359e-02	4.770016981561924219e-01	1.874651446438797176e-23
2.805000000000000071e+01	5.561000000000000665e-02	9.245510533349757809e-01	7.170914841250793185e-23
2.810000000000000142e+01	5.562000000000000277e-02	4.014841034248790019e-01	1.379549334885191069e-23
2.814999999999999858e+01	5.562999999999999889e-02	6.919632972785232372e-01	4.313192680468245481e-23
2.819999999999999929e+01	5.564000000000000196e-02	9.215283777345986138e-01	7.709971368005862564e-23
2.825000000000000000e+01	5.565000000000000502e-02	6.485599825543366670e-01	4.028017665137937829e-23
2.830000000000000071e+01	5.566000000000000114e-02	5.176800929095054515e-01	2.598585426388153273e-23
2.835000000000000142e+01	5.567000000000000420e-02	4.684110723542556087e-01	2.213973702578908424e-23
2.839999999999999858e+01	5.568000000000000033e-02	6.536147779439555050e-01	4.378321505522699111e-23
2.844999999999999929e+01	5.569000000000000339e-02	6.913085018491609279e-01	5.099655554232448971e-23
2.850000000000000000e+01	5.569999999999999951e-02	9.334212804048644951e-01	9.648482078443268318e-23
2.855000000000000071e+01	5.571000000000000257e-02	5.327728576916027636e-01	3.217449841484259242e-23
2.860000000000000142e+01	5.572000000000000564e-02	4.100878784181516412e-01	1.991944280119015028e-23
2.864999999999999858e+01	5.573000000000000176e-02	5.604088533259207194e-01	3.762653024681467934e-23
2.869999999999999929e+01	5.574000000000000482e-02	5.912376691336244106e-01	4.360163269982737036e-23
2.875000000000000000e+01	5.575000000000000094e-02	9.008516397587108537e-01	1.049350739699618822e-22
2.880000000000000071e+01	5.576000000000000401e-02	6.853090963570663829e-01	6.266976693687355263e-23
2.885000000000000142e+01	5.577000000000000013e-02	2.892016949223283895e-01	1.152256670534672997e-23
2.889999999999999858e+01	5.578000000000000319e-02	4.583748885679466700e-01	2.982520410099969260e-23
2.894999999999999929e+01	5.579000000000000625e-02	7.073314250247844104e-01	7.280620295655476699e-23
2.900000000000000000e+01	5.580000000000000238e-02	7.376167784004004080e-01	8.254376695234657589e-23
2.905000000000000071e+01	5.581000000000000544e-02	3.426395212536820778e-01	1.811395533711159398e-23
2.910000000000000142e+01	5.582000000000000156e-02	5.160726670803699179e-01	4.338572572948601283e-23
2.914999999999999858e+01	5.583000000000000462e-02	6.790263452572662395e-01	7.542254238508855233e-23
2.919999999999999929e+01	5.584000000000000075e-02	5.696741048424027731e-01	5.631485705107420723e-23
2.925000000000000000e+01	5.585000000000000381e-02	7.789494446105836856e-01	1.080935665599831550e-22
2.930000000000000071e+01	5.586000000000000687e-02	7.407724011760196126e-01	1.029602814382306623e-22
2.935000000000000142e+01	5.587000000000000299e-02	8.713294246130016685e-01	1.493989111420295118e-22
2.939999999999999858e+01	5.587999999999999912e-02	4.367443275742459163e-01	3.844528256596699620e-23
2.944999999999999929e+01	5.589000000000000218e-02	4.473043106527439805e-02	4.164489868700607415e-25
2.950000000000000000e+01	5.590000000000000524e-02	4.942424650959257315e-01	5.216782827008579219e-23
2.955000000000000071e+01	5.591000000000000136e-02	9.119820951667797493e-01	1.839002047360281373e-22
2.960000000000000142e+01	5.592000000000000443e-02	6.164329366859706560e-01	8.706676781715233703e-23
2.964999999999999858e+01	5.593000000000000055e-02	4.829535799297265952e-01	5.637602357771887442e-23
2.969999999999999929e+01	5.594000000000000361e-02	4.214798128466830107e-01	4.351705078108631148e-23
2.975000000000000000e+01	5.594999999999999973e-02	4.736183025268750346e-01	5.771649163524505080e-23
2.980000000000000071e+01	5.596000000000000280e-02	6.595240942951916541e-01	1.144100986199164125e-22
2.985000000000000142e+01	5.597000000000000586e-02	4.519480977996694349e-01	5.588795806478841097e-23
2.989999999999999858e+01	5.598000000000000198e-02	5.761853176388215259e-01	9.485144863747008458e-23
2.994999999999999929e+01	5.599000000000000504e-02	7.254695353260188773e-01	1.559640067458269973e-22
3.000000000000000000e+01	5.600000000000000117e-02	6.863301080161966494e-01	1.467228814296032696e-22
