V_sipm	I_sipm	V_led	I_led	R_rtd
30.0	3.59843e-06	0.596759	1e-05	1094.705
30.0	3.60034e-06	0.602307	1.21518e-05	1094.689
30.0	3.62656e-06	0.607909	1.47667e-05	1094.721
30.0	3.66666e-06	0.613592	1.79443e-05	1094.706
30.0	3.69039e-06	0.619365	2.18056e-05	1094.713
30.0	3.70823e-06	0.625239	2.64977e-05	1094.714
30.0	3.73835e-06	0.631214	3.21996e-05	1094.713
30.0	3.83569e-06	0.637305	3.91284e-05	1094.725
30.0	3.86241e-06	0.643509	4.75482e-05	1094.701
30.0	4.01143e-06	0.649833	5.77798e-05	1094.707
30.0	4.08118e-06	0.656282	7.02131e-05	1094.716
30.0	4.26502e-06	0.662851	8.53217e-05	1094.705
30.0	4.43251e-06	0.669547	0.000103682	1094.704
30.0	4.67234e-06	0.676372	0.000125992	1094.723
30.0	5.00137e-06	0.683305	0.000153104	1094.721
30.0	5.43811e-06	0.69035	0.000186049	1094.697
30.0	6.01077e-06	0.697494	0.000226083	1094.728
30.0	6.72925e-06	0.704729	0.000274733	1094.698
30.0	7.73588e-06	0.712045	0.000333851	1094.702
30.0	9.06173e-06	0.719431	0.00040569	1094.718
30.0	1.07642e-05	0.726881	0.000492988	1094.697
30.0	1.29674e-05	0.734387	0.00059907	1094.696
30.0	1.596e-05	0.741949	0.00072798	1094.71
30.0	1.97169e-05	0.749563	0.000884629	1094.707
30.0	2.47019e-05	0.757234	0.00107499	1094.711
30.0	3.08298e-05	0.764989	0.00130631	1094.704
30.0	3.92315e-05	0.772842	0.0015874	1094.705
30.0	4.95116e-05	0.780813	0.00192898	1094.713
30.0	6.26006e-05	0.788961	0.00234407	1094.715
30.0	7.95104e-05	0.797325	0.00284847	1094.684
30.0	0.000100423	0.805963	0.00346142	1094.72
30.0	0.000126762	0.814965	0.00420626	1094.698
30.0	0.000159486	0.824419	0.00511137	1094.718
30.0	0.000200634	0.834434	0.00621125	1094.702
30.0	0.000250958	0.845157	0.00754781	1094.7
30.0	0.000312691	0.856717	0.00917197	1094.706
30.0	0.000388719	0.869273	0.0111456	1094.713
30.0	0.000481683	0.883036	0.013544	1094.693
30.0	0.000594219	0.898145	0.0164584	1094.683
30.0	0.000730492	0.914854	0.02	1094.703
30.0	0.00073023	0.914652	0.02	1094.689
30.0	0.000594967	0.897669	0.0164584	1094.705
30.0	0.000482096	0.882408	0.013544	1094.7
30.0	0.000389543	0.868602	0.0111456	1094.72
30.0	0.000313449	0.85604	0.00917197	1094.704
30.0	0.000251002	0.844486	0.00754781	1094.718
30.0	0.000200893	0.83381	0.00621125	1094.688
30.0	0.00015986	0.823814	0.00511137	1094.707
30.0	0.000127125	0.814395	0.00420626	1094.718
30.0	0.000100699	0.805423	0.00346142	1094.701
30.0	7.96867e-05	0.796813	0.00284847	1094.701
30.0	6.28459e-05	0.788483	0.00234407	1094.703
30.0	4.96947e-05	0.780379	0.00192898	1094.691
30.0	3.92936e-05	0.772428	0.0015874	1094.691
30.0	3.10681e-05	0.764595	0.00130631	1094.709
30.0	2.4784e-05	0.756866	0.00107499	1094.702
30.0	1.97951e-05	0.749222	0.000884629	1094.724
30.0	1.59665e-05	0.741626	0.00072798	1094.719
30.0	1.30528e-05	0.734083	0.00059907	1094.71
30.0	1.08332e-05	0.726584	0.000492988	1094.709
30.0	9.06862e-06	0.719149	0.00040569	1094.701
30.0	7.77717e-06	0.711778	0.000333851	1094.717
30.0	6.79177e-06	0.704474	0.000274733	1094.709
30.0	6.02439e-06	0.69725	0.000226083	1094.693
30.0	5.45e-06	0.690114	0.000186049	1094.693
30.0	5.04534e-06	0.683082	0.000153104	1094.694
30.0	4.7078e-06	0.676158	0.000125992	1094.71
30.0	4.44305e-06	0.669343	0.000103682	1094.689
30.0	4.25464e-06	0.662656	8.53217e-05	1094.691
30.0	4.09937e-06	0.656089	7.02131e-05	1094.696
30.0	3.99093e-06	0.649648	5.77798e-05	1094.699
30.0	3.90375e-06	0.643329	4.75482e-05	1094.688
30.0	3.81429e-06	0.637126	3.91284e-05	1094.688
30.0	3.75192e-06	0.631044	3.21996e-05	1094.71
30.0	3.74511e-06	0.625075	2.64977e-05	1094.688
30.0	3.71543e-06	0.619202	2.18056e-05	1094.687
30.0	3.65273e-06	0.613434	1.79443e-05	1094.702
30.0	3.67178e-06	0.607752	1.47667e-05	1094.703
30.0	3.62747e-06	0.602155	1.21518e-05	1094.73
30.0	3.64657e-06	0.596612	1e-05	1094.702
30.0	3.58704e-06	0.596613	1e-05	1094.699
30.0	3.60202e-06	0.602176	1.21518e-05	1094.712
30.0	3.66705e-06	0.607781	1.47667e-05	1094.698
30.0	3.67983e-06	0.613471	1.79443e-05	1094.718
30.0	3.73512e-06	0.619251	2.18056e-05	1094.704
30.0	3.71009e-06	0.625129	2.64977e-05	1094.708
30.0	3.7807e-06	0.631105	3.21996e-05	1094.69
30.0	3.8352e-06	0.637199	3.91284e-05	1094.707
30.0	3.91021e-06	0.64341	4.75482e-05	1094.709
30.0	3.97929e-06	0.649741	5.77798e-05	1094.722
30.0	4.06975e-06	0.656189	7.02131e-05	1094.718
30.0	4.22973e-06	0.662766	8.53217e-05	1094.694
30.0	4.4439e-06	0.669464	0.000103682	1094.708
30.0	4.66649e-06	0.67629	0.000125992	1094.716
30.0	5.01499e-06	0.683228	0.000153104	1094.689
30.0	5.44329e-06	0.690274	0.000186049	1094.709
30.0	6.06902e-06	0.69742	0.000226083	1094.693
30.0	6.79923e-06	0.704662	0.000274733	1094.708
30.0	7.70951e-06	0.711981	0.000333851	1094.71
30.0	8.99088e-06	0.719371	0.00040569	1094.71
30.0	1.08243e-05	0.726819	0.000492988	1094.693
30.0	1.2978e-05	0.734329	0.00059907	1094.691
30.0	1.59464e-05	0.741892	0.00072798	1094.679
30.0	1.97242e-05	0.749509	0.000884629	1094.698
30.0	2.46704e-05	0.757173	0.00107499	1094.696
30.0	3.10012e-05	0.764936	0.00130631	1094.721
30.0	3.92445e-05	0.772791	0.0015874	1094.712
30.0	4.95446e-05	0.780769	0.00192898	1094.712
30.0	6.2687e-05	0.788919	0.00234407	1094.72
30.0	7.93685e-05	0.797278	0.00284847	1094.704
30.0	0.000100504	0.805918	0.00346142	1094.707
30.0	0.000126642	0.814925	0.00420626	1094.707
30.0	0.000159583	0.824375	0.00511137	1094.713
30.0	0.000200639	0.834397	0.00621125	1094.703
30.0	0.000250813	0.845112	0.00754781	1094.713
30.0	0.000313058	0.856667	0.00917197	1094.71
30.0	0.000388884	0.86924	0.0111456	1094.714
30.0	0.000481204	0.883	0.013544	1094.693
30.0	0.000593699	0.898133	0.0164584	1094.715
30.0	0.000730546	0.914828	0.02	1094.691
30.0	0.00072994	0.914607	0.02	1094.705
30.0	0.000594464	0.897636	0.0164584	1094.701
30.0	0.000482879	0.882376	0.013544	1094.712
30.0	0.000389589	0.868574	0.0111456	1094.69
30.0	0.000313504	0.856004	0.00917197	1094.706
30.0	0.00025105	0.844471	0.00754781	1094.698
30.0	0.00020092	0.833768	0.00621125	1094.702
30.0	0.000159827	0.823785	0.00511137	1094.699
30.0	0.000127072	0.814368	0.00420626	1094.705
30.0	0.000100712	0.805393	0.00346142	1094.713
30.0	7.95774e-05	0.796797	0.00284847	1094.698
30.0	6.30072e-05	0.788463	0.00234407	1094.701
30.0	4.95978e-05	0.780352	0.00192898	1094.698
30.0	3.92039e-05	0.772401	0.0015874	1094.707
30.0	3.10492e-05	0.764578	0.00130631	1094.714
30.0	2.47498e-05	0.756836	0.00107499	1094.694
30.0	1.98001e-05	0.749194	0.000884629	1094.701
30.0	1.59548e-05	0.741595	0.00072798	1094.705
30.0	1.30884e-05	0.734048	0.00059907	1094.716
30.0	1.08601e-05	0.72656	0.000492988	1094.704
30.0	9.07332e-06	0.719128	0.00040569	1094.718
30.0	7.81193e-06	0.711754	0.000333851	1094.723
30.0	6.79438e-06	0.70445	0.000274733	1094.724
30.0	6.05415e-06	0.697226	0.000226083	1094.736
30.0	5.45134e-06	0.690088	0.000186049	1094.73
30.0	5.04977e-06	0.683055	0.000153104	1094.706
30.0	4.69838e-06	0.67613	0.000125992	1094.711
30.0	4.44275e-06	0.669317	0.000103682	1094.704
30.0	4.24854e-06	0.662627	8.53217e-05	1094.704
30.0	4.14914e-06	0.656061	7.02131e-05	1094.709
30.0	3.9951e-06	0.649619	5.77798e-05	1094.725
30.0	3.92668e-06	0.6433	4.75482e-05	1094.722
30.0	3.81751e-06	0.637102	3.91284e-05	1094.717
30.0	3.80637e-06	0.631017	3.21996e-05	1094.708
30.0	3.79461e-06	0.625052	2.64977e-05	1094.697
30.0	3.70926e-06	0.61918	2.18056e-05	1094.708
30.0	3.69161e-06	0.61341	1.79443e-05	1094.715
30.0	3.66732e-06	0.607726	1.47667e-05	1094.736
30.0	3.6565e-06	0.602129	1.21518e-05	1094.724
30.0	3.65246e-06	0.596583	1e-05	1094.713
30.0	3.62976e-06	0.596588	1e-05	1094.732
30.0	3.61644e-06	0.602142	1.21518e-05	1094.728
30.0	3.63138e-06	0.607752	1.47667e-05	1094.745
30.0	3.68704e-06	0.613442	1.79443e-05	1094.726
30.0	3.73489e-06	0.619223	2.18056e-05	1094.72
30.0	3.74169e-06	0.625101	2.64977e-05	1094.719
30.0	3.75935e-06	0.63108	3.21996e-05	1094.711
30.0	3.85032e-06	0.637176	3.91284e-05	1094.731
30.0	3.91431e-06	0.643384	4.75482e-05	1094.715
30.0	3.95631e-06	0.649715	5.77798e-05	1094.733
30.0	4.0733e-06	0.656168	7.02131e-05	1094.729
30.0	4.22664e-06	0.662745	8.53217e-05	1094.724
30.0	4.39961e-06	0.669443	0.000103682	1094.721
30.0	4.70983e-06	0.676273	0.000125992	1094.735
30.0	4.98616e-06	0.683211	0.000153104	1094.729
30.0	5.42506e-06	0.690253	0.000186049	1094.724
30.0	6.05796e-06	0.697403	0.000226083	1094.718
30.0	6.8336e-06	0.704644	0.000274733	1094.734
30.0	7.75752e-06	0.71196	0.000333851	1094.721
30.0	9.089e-06	0.719352	0.00040569	1094.747
30.0	1.07503e-05	0.726801	0.000492988	1094.74
30.0	1.30698e-05	0.734311	0.00059907	1094.734
30.0	1.58618e-05	0.741874	0.00072798	1094.731
30.0	1.96813e-05	0.749493	0.000884629	1094.716
30.0	2.47353e-05	0.757163	0.00107499	1094.722
30.0	3.09673e-05	0.764926	0.00130631	1094.743
30.0	3.91748e-05	0.772782	0.0015874	1094.736
30.0	4.93723e-05	0.780756	0.00192898	1094.735
30.0	6.28024e-05	0.788904	0.00234407	1094.738
30.0	7.93004e-05	0.797261	0.00284847	1094.742
30.0	0.000100497	0.805908	0.00346142	1094.735
30.0	0.000126817	0.814909	0.00420626	1094.741
30.0	0.000159612	0.824363	0.00511137	1094.74
30.0	0.000200451	0.834372	0.00621125	1094.747
30.0	0.000250586	0.845095	0.00754781	1094.738
30.0	0.000313073	0.856657	0.00917197	1094.71
30.0	0.000388574	0.869221	0.0111456	1094.731
30.0	0.0004815	0.882983	0.013544	1094.743
30.0	0.000593862	0.898125	0.0164584	1094.737
30.0	0.000729792	0.914799	0.02	1094.745
30.0	0.000730245	0.914609	0.02	1094.714
30.0	0.000594788	0.897658	0.0164584	1094.742
30.0	0.000481854	0.882377	0.013544	1094.754
30.0	0.000389144	0.868567	0.0111456	1094.763
30.0	0.00031337	0.856002	0.00917197	1094.736
30.0	0.000251649	0.844447	0.00754781	1094.757
30.0	0.000200763	0.833754	0.00621125	1094.757
30.0	0.000159931	0.823775	0.00511137	1094.741
30.0	0.000127285	0.814355	0.00420626	1094.747
30.0	0.000100796	0.805388	0.00346142	1094.745
30.0	7.96807e-05	0.796782	0.00284847	1094.752
30.0	6.28618e-05	0.788455	0.00234407	1094.748
30.0	4.96331e-05	0.780343	0.00192898	1094.726
30.0	3.92408e-05	0.77239	0.0015874	1094.741
30.0	3.10239e-05	0.764562	0.00130631	1094.74
30.0	2.46882e-05	0.756819	0.00107499	1094.729
30.0	1.98508e-05	0.749181	0.000884629	1094.743
30.0	1.59571e-05	0.74158	0.00072798	1094.743
30.0	1.30349e-05	0.734038	0.00059907	1094.741
30.0	1.08212e-05	0.726544	0.000492988	1094.752
30.0	9.11873e-06	0.719109	0.00040569	1094.722
30.0	7.75321e-06	0.711737	0.000333851	1094.748
30.0	6.82439e-06	0.704432	0.000274733	1094.741
30.0	6.03292e-06	0.697208	0.000226083	1094.748
30.0	5.46413e-06	0.690073	0.000186049	1094.738
30.0	5.04896e-06	0.683039	0.000153104	1094.748
30.0	4.68776e-06	0.676113	0.000125992	1094.742
30.0	4.45526e-06	0.669299	0.000103682	1094.744
30.0	4.2451e-06	0.662604	8.53217e-05	1094.745
30.0	4.11549e-06	0.656043	7.02131e-05	1094.728
30.0	3.99934e-06	0.649605	5.77798e-05	1094.739
30.0	3.90449e-06	0.643281	4.75482e-05	1094.753
30.0	3.80965e-06	0.637083	3.91284e-05	1094.747
30.0	3.79992e-06	0.630995	3.21996e-05	1094.767
30.0	3.73237e-06	0.62503	2.64977e-05	1094.748
30.0	3.71868e-06	0.619164	2.18056e-05	1094.735
30.0	3.68589e-06	0.613389	1.79443e-05	1094.755
30.0	3.64458e-06	0.607711	1.47667e-05	1094.745
30.0	3.64517e-06	0.602113	1.21518e-05	1094.763
30.0	3.60085e-06	0.596569	1e-05	1094.748
