1.507245e-07	-0.886791	0.0
8.241432e-07	0.753398	0.0001
1.781976e-06	0.773964	0.0002
3.02728e-06	0.786598	0.0003
4.362581e-06	0.795783	0.0004
5.843944e-06	0.803039	0.0005
7.420238e-06	0.809057	0.0006
9.220759e-06	0.814197	0.0007
1.088846e-05	0.818712	0.0008
1.283617e-05	0.822713	0.0009
1.468164e-05	0.826345	0.001
1.665697e-05	0.82964	0.0011
1.883499e-05	0.832695	0.0012
2.073408e-05	0.835531	0.0013
2.296254e-05	0.838172	0.0014
2.152854e-05	0.840666	0.0015
2.727079e-05	0.843011	0.0016
2.948158e-05	0.845245	0.0017
3.177002e-05	0.847357	0.0018
2.762588e-05	0.849388	0.0019
3.573397e-05	0.85133	0.002
3.86324e-05	0.853185	0.0021
4.112457e-05	0.854977	0.0022
4.350093e-05	0.856733	0.0023
4.604163e-05	0.858387	0.0024
4.836365e-05	0.859981	0.0025
5.081276e-05	0.861552	0.0026
5.317614e-05	0.863072	0.0027
5.583824e-05	0.864534	0.0028
5.836589e-05	0.865975	0.0029
6.079215e-05	0.867372	0.003
6.328927e-05	0.868745	0.0031
6.591592e-05	0.870078	0.0032
6.846713e-05	0.871383	0.0033
7.096164e-05	0.87264	0.0034
7.372928e-05	0.873924	0.0035
7.636936e-05	0.875154	0.0036
7.882279e-05	0.876354	0.0037
7.954034e-05	0.877535	0.0038
8.402912e-05	0.878689	0.0039
8.670904e-05	0.879833	0.004
8.958957e-05	0.88096	0.0041
9.207894e-05	0.882031	0.0042
9.499374e-05	0.883115	0.0043
9.750577e-05	0.884206	0.0044
0.0001001389	0.885247	0.0045
0.0001026968	0.886305	0.0046
0.000105588	0.887284	0.0047
0.0001083201	0.888315	0.0048
0.000110863	0.8893	0.0049
0.0001137459	0.890293	0.005
0.0001163802	0.89127	0.0051
0.0001071831	0.892244	0.0052
0.0001219324	0.893156	0.0053
0.0001245837	0.894089	0.0054
0.0001275242	0.895053	0.0055
0.0001301676	0.895957	0.0056
0.0001327745	0.896877	0.0057
0.0001354168	0.897755	0.0058
0.0001385269	0.898667	0.0059
0.000141121	0.899552	0.006
0.0001440363	0.900423	0.0061
0.0001464241	0.901256	0.0062
0.0001493196	0.902116	0.0063
0.0001522059	0.902987	0.0064
0.0001551207	0.903802	0.0065
0.0001575706	0.904665	0.0066
0.0001608574	0.905472	0.0067
0.0001633114	0.906286	0.0068
0.0001661086	0.907067	0.0069
0.0001689222	0.907915	0.007
0.0001716762	0.908657	0.0071
0.000174896	0.9095	0.0072
0.0001774511	0.91024	0.0073
0.0001802012	0.911063	0.0074
0.000183082	0.911797	0.0075
0.0001857353	0.912576	0.0076
0.0001886365	0.913334	0.0077
0.0001917912	0.914081	0.0078
0.00019461	0.914845	0.0079
0.0001969743	0.91561	0.008
0.0002001129	0.916301	0.0081
0.0002027333	0.9171	0.0082
0.0002056789	0.917771	0.0083
0.000208697	0.918497	0.0084
0.0002116466	0.919254	0.0085
0.0002144193	0.919972	0.0086
0.0002173586	0.920702	0.0087
0.0002200151	0.921418	0.0088
0.0002229275	0.922133	0.0089
0.0002257963	0.92277	0.009
0.000228753	0.923465	0.0091
0.0002314535	0.924147	0.0092
0.0002343577	0.924839	0.0093
0.0002375941	0.925534	0.0094
0.0002403882	0.926229	0.0095
0.0002427891	0.926853	0.0096
0.0002461016	0.927549	0.0097
0.0002485172	0.928276	0.0098
0.0002518049	0.928916	0.0099
0.0002544883	0.929585	0.01
0.0002417297	0.930244	0.0101
0.000260375	0.930888	0.0102
0.000262616	0.93156	0.0103
0.0002659038	0.932212	0.0104
0.000268842	0.932754	0.0105
0.000272025	0.933385	0.0106
0.0002745803	0.934122	0.0107
0.000277457	0.934764	0.0108
0.0002803378	0.935334	0.0109
0.0002828414	0.936041	0.011
0.0002861503	0.936563	0.0111
0.0002885971	0.937248	0.0112
0.0002918374	0.937847	0.0113
0.00029445	0.938466	0.0114
0.0002973363	0.939098	0.0115
0.0002974308	0.939759	0.0116
0.0003034089	0.940384	0.0117
0.0003062101	0.94096	0.0118
0.0002770857	0.941594	0.0119
0.0003121559	0.942183	0.012
0.0003147788	0.942784	0.0121
0.0003178969	0.94343	0.0122
0.0003205407	0.94401	0.0123
0.0003236062	0.944507	0.0124
0.0003266491	0.945095	0.0125
0.0003294775	0.945682	0.0126
0.0003323781	0.946282	0.0127
0.0003355062	0.94687	0.0128
0.0003377372	0.947423	0.0129
0.0003406138	0.948018	0.013
0.0003438389	0.948658	0.0131
0.0003468428	0.949195	0.0132
0.0003496403	0.949757	0.0133
0.0003523332	0.950344	0.0134
0.0003556206	0.950912	0.0135
0.0003580705	0.951486	0.0136
0.000361434	0.952048	0.0137
0.0003644174	0.95264	0.0138
0.0003666941	0.953108	0.0139
0.0003698717	0.953673	0.014
0.0003726207	0.954277	0.0141
0.0003755665	0.954853	0.0142
0.0003791281	0.955328	0.0143
0.0003815104	0.955869	0.0144
0.0003846966	0.956425	0.0145
0.0003876275	0.956971	0.0146
0.0003901817	0.957524	0.0147
0.0003932221	0.958076	0.0148
0.000396243	0.958659	0.0149
0.0003985455	0.95919	0.015
0.0003753117	0.95974	0.0151
0.0004047063	0.960292	0.0152
0.0004074164	0.960827	0.0153
0.000410316	0.961331	0.0154
0.0004017823	0.961876	0.0155
0.0004161331	0.962416	0.0156
0.0004191406	0.962817	0.0157
0.0004222012	0.963313	0.0158
0.0004251811	0.963958	0.0159
0.0004281464	0.964389	0.016
0.000431211	0.965001	0.0161
0.0004338491	0.965438	0.0162
0.0004368626	0.966031	0.0163
0.0004398118	0.96651	0.0164
0.00044265	0.966989	0.0165
0.0004456523	0.967505	0.0166
0.0004488528	0.967913	0.0167
0.0004509782	0.968542	0.0168
0.0004543231	0.968953	0.0169
0.0004570542	0.969515	0.017
0.0004600158	0.969965	0.0171
0.0004627548	0.970554	0.0172
0.0004654438	0.971086	0.0173
0.0004687508	0.971592	0.0174
0.0004709502	0.972095	0.0175
0.0004737698	0.972599	0.0176
0.0004766685	0.973092	0.0177
0.0004799139	0.973587	0.0178
0.0004828429	0.97397	0.0179
0.0004864582	0.974452	0.018
0.000488968	0.974964	0.0181
0.0004916092	0.975447	0.0182
0.0004949115	0.975952	0.0183
0.0004976036	0.97644	0.0184
0.0005006416	0.977004	0.0185
0.0005029575	0.977442	0.0186
0.0005064625	0.977916	0.0187
0.0005088788	0.978415	0.0188
0.0005120907	0.978847	0.0189
0.0005151177	0.979371	0.019
0.0005182785	0.979856	0.0191
0.0005203799	0.980325	0.0192
0.0005228337	0.980792	0.0193
0.0005266739	0.981269	0.0194
0.0005295522	0.981627	0.0195
0.0005331539	0.982123	0.0196
0.0005346134	0.98261	0.0197
0.0005385991	0.983036	0.0198
0.0005404967	0.983506	0.0199
0.0005442811	0.983973	0.02
0.0005435061	0.983989	0.02
0.0005407361	0.983519	0.0199
0.0004710448	0.983123	0.0198
0.000535121	0.982645	0.0197
0.0005325879	0.982165	0.0196
0.0005300686	0.981561	0.0195
0.0005270378	0.981102	0.0194
0.0005241213	0.980633	0.0193
0.0005204459	0.980288	0.0192
0.00051773	0.979745	0.0191
0.0005151607	0.979212	0.019
0.0005122599	0.978737	0.0189
0.000509627	0.978269	0.0188
0.0005065738	0.977823	0.0187
0.0005033942	0.977353	0.0186
0.0005006092	0.976865	0.0185
0.000497274	0.976423	0.0184
0.0004947601	0.975945	0.0183
0.0004920178	0.975471	0.0182
0.0004892611	0.97501	0.0181
0.0004867319	0.974439	0.018
0.0004828543	0.973942	0.0179
0.0004802294	0.973524	0.0178
0.0004774601	0.973073	0.0177
0.0004741448	0.972455	0.0176
0.0004717019	0.971979	0.0175
0.0004688197	0.97141	0.0174
0.0004661135	0.970956	0.0173
0.0004631054	0.970482	0.0172
0.000460172	0.969966	0.0171
0.0004572657	0.969504	0.017
0.000454223	0.969064	0.0169
0.0004509347	0.968561	0.0168
0.0004442205	0.968087	0.0167
0.0004450283	0.967537	0.0166
0.000442887	0.967019	0.0165
0.000439128	0.966854	0.0164
0.000435551	0.966502	0.0163
0.0004323161	0.966007	0.0162
0.0004297875	0.965379	0.0161
0.0004274023	0.964679	0.016
0.0004237651	0.964221	0.0159
0.000421507	0.963586	0.0158
0.0004189414	0.963067	0.0157
0.0003864808	0.96259	0.0156
0.0004137065	0.96197	0.0155
0.0004097472	0.961435	0.0154
0.0004069667	0.960902	0.0153
0.0004034079	0.960734	0.0152
0.0004010569	0.960047	0.0151
0.0003987235	0.959448	0.015
0.0003562702	0.958907	0.0149
0.0003927611	0.958234	0.0148
0.0003902216	0.957664	0.0147
0.0003868169	0.957104	0.0146
0.0003840559	0.956569	0.0145
0.0003815461	0.956034	0.0144
0.0003783577	0.955548	0.0143
0.0003751765	0.955	0.0142
0.0003723464	0.954452	0.0141
0.0003691691	0.953894	0.014
0.0003666552	0.953332	0.0139
0.0003637457	0.952703	0.0138
0.0003608764	0.952145	0.0137
0.0003580002	0.951582	0.0136
0.0003553143	0.95101	0.0135
0.0003523215	0.950385	0.0134
0.000349627	0.949872	0.0133
0.0003466202	0.949342	0.0132
0.0003434666	0.948778	0.0131
0.0003404157	0.948194	0.013
0.0003379246	0.947616	0.0129
0.0003347606	0.947025	0.0128
0.0003322911	0.94646	0.0127
0.0003289405	0.945871	0.0126
0.0003262877	0.945251	0.0125
0.000323598	0.944695	0.0124
0.0003203506	0.94403	0.0123
0.0003174767	0.943441	0.0122
0.0003145889	0.942894	0.0121
0.000309751	0.942306	0.012
0.00030913	0.941651	0.0119
0.0003065203	0.941096	0.0118
0.0003032169	0.940485	0.0117
0.0002999551	0.939844	0.0116
0.0002974082	0.939236	0.0115
0.0002945177	0.938635	0.0114
0.000255511	0.938028	0.0113
0.0002887479	0.937407	0.0112
0.0002861808	0.936766	0.0111
0.0002828778	0.936103	0.011
0.0002798619	0.935458	0.0109
0.00027717	0.934865	0.0108
0.0002742919	0.934214	0.0107
0.0002526788	0.933608	0.0106
0.0002687681	0.932913	0.0105
0.0002655465	0.932314	0.0104
0.0002630842	0.931622	0.0103
0.0002600728	0.930974	0.0102
0.0002567884	0.93032	0.0101
0.0002546218	0.92963	0.01
0.0002516848	0.929004	0.0099
0.0002484233	0.928314	0.0098
0.000245725	0.927691	0.0097
0.0002430191	0.926978	0.0096
0.0002402747	0.926299	0.0095
0.0002368459	0.925671	0.0094
0.0002342012	0.925	0.0093
0.0002315957	0.92425	0.0092
0.0002284284	0.92361	0.0091
0.0002257226	0.922922	0.009
0.0002228958	0.922218	0.0089
0.0002195025	0.921475	0.0088
0.0002168479	0.920764	0.0087
0.0002144119	0.920092	0.0086
0.0002114043	0.919359	0.0085
0.0002084453	0.918645	0.0084
0.00020545	0.9179	0.0083
0.0002029535	0.917168	0.0082
0.0002002115	0.916431	0.0081
0.0001743792	0.915706	0.008
0.000158352	0.91497	0.0079
0.0001916917	0.914213	0.0078
0.0001885496	0.913452	0.0077
0.0001859548	0.912696	0.0076
0.0001830418	0.911875	0.0075
0.0001803151	0.911077	0.0074
0.0001777661	0.910304	0.0073
0.0001746146	0.909539	0.0072
0.0001722895	0.908768	0.0071
0.000168974	0.907974	0.007
0.000164796	0.907182	0.0069
0.0001633852	0.906355	0.0068
0.000160588	0.905538	0.0067
0.0001579133	0.904722	0.0066
0.0001547046	0.903889	0.0065
0.0001520784	0.903006	0.0064
0.0001491567	0.902201	0.0063
0.0001465952	0.901303	0.0062
0.0001437806	0.900479	0.0061
0.0001411106	0.899578	0.006
0.000138368	0.898701	0.0059
0.0001356866	0.897806	0.0058
0.0001325745	0.896908	0.0057
0.000129687	0.896001	0.0056
0.0001272268	0.89508	0.0055
0.0001246466	0.894182	0.0054
0.0001217497	0.893203	0.0053
0.0001190414	0.892256	0.0052
0.0001163053	0.891289	0.0051
0.0001138308	0.890346	0.005
0.0001109841	0.889374	0.0049
0.0001082881	0.888378	0.0048
0.0001055448	0.887356	0.0047
0.0001027387	0.886337	0.0046
0.0001002396	0.885304	0.0045
9.755245e-05	0.884195	0.0044
9.500666e-05	0.883174	0.0043
9.206615e-05	0.882093	0.0042
8.948499e-05	0.880957	0.0041
8.680692e-05	0.879838	0.004
8.412432e-05	0.878727	0.0039
8.150956e-05	0.877563	0.0038
7.899013e-05	0.876369	0.0037
7.637759e-05	0.875169	0.0036
7.369438e-05	0.873944	0.0035
7.098326e-05	0.872676	0.0034
6.870904e-05	0.871404	0.0033
6.570632e-05	0.870085	0.0032
6.35555e-05	0.868771	0.0031
6.093958e-05	0.867385	0.003
5.832059e-05	0.865999	0.0029
5.588888e-05	0.864559	0.0028
5.340266e-05	0.863087	0.0027
5.085451e-05	0.861562	0.0026
4.84174e-05	0.860002	0.0025
4.593224e-05	0.858371	0.0024
4.34869e-05	0.8567	0.0023
4.094539e-05	0.854981	0.0022
3.879518e-05	0.853183	0.0021
3.651044e-05	0.851322	0.002
3.401734e-05	0.849386	0.0019
3.180956e-05	0.847354	0.0018
2.890017e-05	0.845249	0.0017
2.720856e-05	0.843009	0.0016
2.50162e-05	0.840656	0.0015
2.279868e-05	0.83817	0.0014
2.077909e-05	0.835516	0.0013
1.872046e-05	0.832682	0.0012
1.664424e-05	0.829636	0.0011
1.461952e-05	0.826326	0.001
1.271929e-05	0.822708	0.0009
1.089314e-05	0.818694	0.0008
9.252713e-06	0.814193	0.0007
7.451576e-06	0.809037	0.0006
5.840309e-06	0.803024	0.0005
4.323656e-06	0.795757	0.0004
3.011429e-06	0.786584	0.0003
1.806317e-06	0.773949	0.0002
8.130964e-07	0.753369	0.0001
1.57736e-07	-0.88901	2.71051e-19
