-2.420902635794378099e+01 2.369908329188734797e+01 4.625443097437677634e-03 2.170029242481849932e-02
-2.421545245376441002e+01 2.369185312504780683e+01 5.782164505416445902e-03 5.274435537569735142e-13
-2.422626940439782928e+01 2.369591563299702841e+01 3.652890673067117015e-03 2.589584968813828103e-02
-2.423177865152177191e+01 2.370789514896311090e+01 4.435815585333705187e-03 1.759929020459376561e-02
-2.423258249599530956e+01 2.370498412322724846e+01 4.462478363769784018e-03 9.227153410686333990e-03
-2.422316703072665334e+01 2.369557406687535561e+01 5.038318161724670077e-03 2.144601287502720041e-02
-2.420945507499639149e+01 2.370638796395879666e+01 4.323006342146429141e-03 1.564449118932016367e-02
-2.419515013834277184e+01 2.369756490165236684e+01 5.167551231752960834e-03 1.448154871374601749e-02
-2.417428047182175277e+01 2.369868432408870262e+01 7.565023838798539887e-03 1.990851242693758918e-02
-2.415118683559049728e+01 2.370503426929992585e+01 5.658486146561391393e-03 1.245505167665743665e-02
-2.413879947575360418e+01 2.369923115802967573e+01 4.717057605420202013e-03 6.974786389351322197e-03
-2.411878957332170970e+01 2.370120170575544449e+01 5.807171790914613177e-03 4.664864938278281796e-03
-2.410295383719238771e+01 2.369224008616860999e+01 7.414210391633840880e-03 1.050181957457862331e-02
-2.408646920052423468e+01 2.370606315252628349e+01 5.098886073308357171e-03 1.058405769825993860e-02
-2.407914606087079079e+01 2.370509692427438608e+01 4.175006228374909464e-03 1.141773669258755626e-02
-2.407875345856995963e+01 2.370594173114978886e+01 6.937407478512019540e-03 1.656754082320897534e-02
-2.406226532692587483e+01 2.370350398942970926e+01 3.830063501216185613e-03 9.065962366750811297e-02
-2.406458715596331643e+01 2.370130870070702045e+01 4.323046527515438109e-03 2.708585177989088905e-02
-2.405930391728558249e+01 2.370509128427427470e+01 5.440431520412051039e-03 2.085975547917133174e-02
-2.404697014708028036e+01 2.370672054525815753e+01 4.691371685578310004e-03 1.652156604996891237e-02
-2.404786136595313550e+01 2.370800864407009811e+01 4.939378649066776365e-03 1.780956531185404548e-02
-2.405588466579291662e+01 2.369231983164518240e+01 4.291995562645605292e-03 4.800661123771990391e-02
-2.406692762487260495e+01 2.370243478898376921e+01 3.960659921343495475e-03 1.843629668544958036e-02
-2.407375797291398101e+01 2.370712979594535597e+01 4.325071951317000646e-03 1.134478242401361359e-02
-2.407840862094073486e+01 2.369953535965345992e+01 4.370511200183883893e-03 1.672147664243059037e-02
-2.408568865589050034e+01 2.369815432844366754e+01 4.528315925319621911e-03 8.249475782342397913e-13
-2.410156167176351261e+01 2.370612643392200170e+01 7.760181735837604067e-03 2.203968175663094040e-02
-2.410667598660256772e+01 2.369955901272727417e+01 4.417958684815413185e-03 1.612117463813572335e-02
-2.410848521916410547e+01 2.370777297320187671e+01 4.189063030994789882e-03 1.767517032586211206e-02
-2.411336886558905590e+01 2.369906071330185071e+01 7.011374966763093096e-03 1.945290874601199663e-02
-2.411535517693313579e+01 2.370886815207049025e+01 4.374607129859636907e-03 1.047032047740253241e-02
-2.411063346439494026e+01 2.370228828325934245e+01 3.627121693638669583e-03 1.542471359161860095e-02
-2.410523489151012200e+01 2.370386523672240742e+01 5.027728603748947943e-03 1.390075032382444981e-02
-2.410480034949758021e+01 2.370720362513717916e+01 4.326229717298537419e-03 1.321921412913279990e-02
-2.410376816659384147e+01 2.370569835307469120e+01 4.557712510338491306e-03 7.285961995919396084e-02
-2.410393010048056439e+01 2.369501058165221608e+01 5.037442610845034759e-03 2.147647259972152931e-02
-2.410445434687638766e+01 2.370718943658356537e+01 4.038937344515347062e-03 1.266280155397401554e-02
-2.410376117664188556e+01 2.370637303078746072e+01 4.005555894856574310e-03 9.886838166402817096e-03
-2.411107150138341382e+01 2.370005816877689142e+01 4.070391655866823118e-03 1.828094104320652363e-02
-2.411458395223529649e+01 2.369953434856730823e+01 5.146841003254225104e-03 9.039962400925973318e-13
-2.411755235182754475e+01 2.369077520082996102e+01 4.715301880167647834e-03 1.505214651057202278e-02
-2.411659239842724389e+01 2.369971305017522312e+01 3.545118674140611704e-03 8.100254822785193584e-03
-2.411972273190621507e+01 2.370579045567306764e+01 4.098038129301440242e-03 2.020947874830911206e-02
-2.412544051259645883e+01 2.369843155826268344e+01 5.165875841397504081e-03 2.343694501088447804e-02
-2.412598689384011763e+01 2.369524403253083733e+01 3.853432509788678670e-03 1.079054516035933688e-12
