-4.157419542740656837e+00 2.412041698055766403e+01 5.326358160357785865e-03 1.421039195453279932e-02
-4.152878403960998277e+00 2.411714480882779910e+01 3.484825023649467356e-03 1.030994543992704536e-02
-4.150769768457847064e+00 2.412255379746359907e+01 5.064766470141672181e-03 1.111365233320242389e-02
-4.155539245667679182e+00 2.412161272000627221e+01 3.767493678409426089e-03 1.100734981073432303e-02
-4.164376874909004655e+00 2.412041252296040383e+01 4.174625868761815475e-03 9.748061885267823162e-03
-4.175509538371917628e+00 2.411910362414314335e+01 4.482679064911741611e-03 9.164940150349710005e-03
-4.187435561380507210e+00 2.411914837436044934e+01 4.962804348648782934e-03 9.281410408454773830e-03
-4.199807776321552666e+00 2.412046591300349263e+01 5.661159878696989112e-03 1.053458563702252583e-02
-4.218052715887550264e+00 2.411864837765688918e+01 5.628790425151203140e-03 1.042970910398381169e-02
-4.231861365953083265e+00 2.412095824011553447e+01 6.256242804183966347e-03 2.724866236922923041e-02
-4.251568370467458280e+00 2.411969133259259124e+01 4.961265809413321383e-03 1.527099636880585934e-02
-4.275293432357635481e+00 2.411330523966502426e+01 8.407679479388972463e-03 8.093769426402929248e-03
-4.305048492791586412e+00 2.411734000781929410e+01 7.420201915047951007e-03 8.766239619094610969e-03
-4.326610164555109606e+00 2.411697181452850103e+01 8.508058142887138520e-03 1.465757375765624343e-02
-4.375907965632716667e+00 2.411598734710738867e+01 6.298723961481008521e-03 9.612410896729529225e-03
-4.405060725207507133e+00 2.411244663189056681e+01 7.558160082085330252e-03 7.245860636899490413e-03
-4.425338575797283625e+00 2.411582598088643792e+01 5.211265841277126602e-03 9.299819590407001901e-03
