2.205000000000000071e+01	5.441000000000000003e-02	-4.369985038835249469e+01	1.199953394185936878e-19
2.210000000000000142e+01	5.442000000000000309e-02	2.823211712183298569e-02	1.556046979587135816e-26
2.214999999999999858e+01	5.443000000000000616e-02	5.694798436330796854e-01	6.296488593426457396e-24
2.219999999999999929e+01	5.444000000000000228e-02	-2.459053067411927015e-02	1.180571598355687477e-26
2.225000000000000000e+01	5.445000000000000534e-02	-1.096529408779068016e+00	2.318561595660981288e-23
2.230000000000000071e+01	5.446000000000000146e-02	-5.164746605259589174e-01	5.171169790293329038e-24
2.235000000000000142e+01	5.447000000000000453e-02	5.106787464800112142e-01	4.990775735697346311e-24
2.239999999999999858e+01	5.448000000000000065e-02	-4.619993613245916841e-01	4.085679915391107033e-24
2.244999999999999929e+01	5.449000000000000371e-02	8.223795239225252518e-02	1.304198150799337537e-25
2.250000000000000000e+01	5.450000000000000677e-02	8.987954825226807110e-01	1.555123134745955333e-23
2.255000000000000071e+01	5.451000000000000290e-02	2.354991748687985109e-01	1.073919437446112315e-24
2.260000000000000142e+01	5.452000000000000596e-02	-7.306248560367183398e-01	1.029851566731833616e-23
2.264999999999999858e+01	5.453000000000000208e-02	1.867873350832489343e-01	6.793284932744935752e-25
2.269999999999999929e+01	5.454000000000000514e-02	8.255429182818233569e-01	1.316444794456875423e-23
2.275000000000000000e+01	5.455000000000000127e-02	-3.017512921935677217e-01	1.770238591104521317e-24
2.280000000000000071e+01	5.456000000000000433e-02	-1.128338369176155931e+00	2.449659219456809885e-23
2.285000000000000142e+01	5.457000000000000045e-02	-2.802955945214850586e-01	1.515915797482732024e-24
2.289999999999999858e+01	5.458000000000000351e-02	7.044227143422122639e-01	9.495163255012057961e-24
2.294999999999999929e+01	5.458999999999999964e-02	-3.613869048049372923e-01	2.499096777728553464e-24
2.300000000000000000e+01	5.460000000000000270e-02	3.733375445567900242e-01	2.704594697910045285e-24
2.305000000000000071e+01	5.461000000000000576e-02	6.812048532502888998e-01	8.916466419411003555e-24
2.310000000000000142e+01	5.462000000000000188e-02	-1.293035003541194439e-01	3.254625375324933992e-25
2.314999999999999858e+01	5.463000000000000494e-02	-4.105572866270057464e-01	3.250145953380124110e-24
2.319999999999999929e+01	5.464000000000000107e-02	1.508071971291344016e-01	4.428399180980325873e-25
2.325000000000000000e+01	5.465000000000000413e-02	4.073426886658158552e-01	3.199315240854058209e-24
2.330000000000000071e+01	5.466000000000000025e-02	-6.796180662168924691e-01	8.931926240279774217e-24
2.335000000000000142e+01	5.467000000000000332e-02	-9.399585288562130048e-01	1.691894830686061688e-23
2.339999999999999858e+01	5.468000000000000638e-02	2.007310221349925816e-01	7.743550316503094910e-25
2.344999999999999929e+01	5.469000000000000250e-02	8.006645272939494351e-01	1.225387525225093931e-23
2.350000000000000000e+01	5.470000000000000556e-02	-2.234067997881566403e-01	9.589073778794940929e-25
2.355000000000000071e+01	5.471000000000000169e-02	1.456437971057849556e-01	4.104562927940091962e-25
2.360000000000000142e+01	5.472000000000000475e-02	5.080892387609670102e-01	4.978158715397038563e-24
2.364999999999999858e+01	5.473000000000000087e-02	1.980462490105351914e-01	7.623627288130174035e-25
2.369999999999999929e+01	5.474000000000000393e-02	-3.852467212861517831e-01	2.866536424001695772e-24
2.375000000000000000e+01	5.475000000000000006e-02	-2.548671884979969993e-01	1.261637557325620450e-24
2.380000000000000071e+01	5.476000000000000312e-02	4.009420891606169102e-02	3.090985165099543080e-26
2.385000000000000142e+01	5.477000000000000618e-02	-9.478633387029061774e-01	1.718059101917429334e-23
2.389999999999999858e+01	5.478000000000000230e-02	-1.386783504376233253e-02	3.699119636735022505e-27
2.394999999999999929e+01	5.479000000000000536e-02	8.352630435762029570e-01	1.332171720636490527e-23
2.400000000000000000e+01	5.480000000000000149e-02	2.884390163214142766e-01	1.605966123110774755e-24
2.405000000000000071e+01	5.481000000000000455e-02	-4.328902321402840481e-01	3.596792520479186167e-24
2.410000000000000142e+01	5.482000000000000067e-02	4.590647728072644318e-02	4.085672432241951257e-26
2.414999999999999858e+01	5.483000000000000373e-02	8.022911059963634406e-01	1.241390643692071478e-23
2.419999999999999929e+01	5.483999999999999986e-02	1.294478332149114064e-01	3.256105927534949839e-25
2.425000000000000000e+01	5.485000000000000292e-02	-7.812414861313587977e-01	1.177424871059356477e-23
2.430000000000000071e+01	5.486000000000000598e-02	-1.877190886994846153e-01	6.842202234489052358e-25
2.435000000000000142e+01	5.487000000000000210e-02	5.646471707823473851e-01	6.133282456337617062e-24
2.439999999999999858e+01	5.488000000000000517e-02	4.559981524608051721e-03	4.027800907261536150e-28
2.444999999999999929e+01	5.489000000000000129e-02	1.009022433226953286e+00	1.999282258001297867e-23
2.450000000000000000e+01	5.490000000000000435e-02	1.510945552936939107e+00	4.511446234458107173e-23
2.455000000000000071e+01	5.491000000000000048e-02	6.293308065812655006e-01	7.948232798364055396e-24
2.460000000000000142e+01	5.492000000000000354e-02	2.969526464636542684e-01	1.785042567126804966e-24
2.464999999999999858e+01	5.493000000000000660e-02	1.149025822832706378e+00	2.714220134657913128e-23
2.469999999999999929e+01	5.494000000000000272e-02	1.447315564573383950e+00	4.342780161455194863e-23
2.475000000000000000e+01	5.495000000000000578e-02	6.118471121249761113e-01	7.885397130251108819e-24
2.480000000000000071e+01	5.496000000000000191e-02	2.417030444739647066e-01	1.239869259449782278e-24
2.485000000000000142e+01	5.497000000000000497e-02	9.743378342016683069e-01	2.044966602603237157e-23
2.489999999999999858e+01	5.498000000000000109e-02	1.353247489236869772e+00	3.975949884646998200e-23
2.494999999999999929e+01	5.499000000000000415e-02	6.604855746593349952e-01	9.620691860999104256e-24
2.500000000000000000e+01	5.500000000000000028e-02	1.124517264850155129e+00	2.846441365196132035e-23
2.505000000000000071e+01	5.501000000000000334e-02	1.759615832209491249e+00	7.078256659610867958e-23
2.510000000000000142e+01	5.501999999999999946e-02	1.391691534112070805e+00	4.528624679299380874e-23
2.514999999999999858e+01	5.503000000000000252e-02	3.176279178329902142e-01	2.380287268016944936e-24
2.519999999999999929e+01	5.504000000000000559e-02	9.604366927214349481e-01	2.237508668639616796e-23
2.525000000000000000e+01	5.505000000000000171e-02	1.382937489562515498e+00	4.634864558825235025e-23
2.530000000000000071e+01	5.506000000000000477e-02	9.013469305667044518e-01	2.030783159984423868e-23
2.535000000000000142e+01	5.507000000000000089e-02	9.191787449873868310e-01	2.125139548291875194e-23
2.539999999999999858e+01	5.508000000000000396e-02	9.351341458698846365e-01	2.253683749993030347e-23
2.544999999999999929e+01	5.509000000000000008e-02	1.482765623237702890e+00	5.758554466917774098e-23
2.550000000000000000e+01	5.510000000000000314e-02	1.004726221175914924e+00	2.689688032468399012e-23
2.555000000000000071e+01	5.511000000000000620e-02	1.070730048237028331e+00	3.140076455523818751e-23
2.560000000000000142e+01	5.512000000000000233e-02	1.401772416482502726e+00	5.465361795251880040e-23
2.564999999999999858e+01	5.513000000000000539e-02	7.774120367784662644e-01	1.711967172647214351e-23
2.569999999999999929e+01	5.514000000000000151e-02	5.024875286062454594e-01	7.273964586520680094e-24
2.575000000000000000e+01	5.515000000000000457e-02	1.283659621252335237e+00	4.853453417438941480e-23
2.580000000000000071e+01	5.516000000000000070e-02	1.009520062541632957e+00	3.022305606868983973e-23
2.585000000000000142e+01	5.517000000000000376e-02	7.869552056444554244e-01	1.899716081161630019e-23
2.589999999999999858e+01	5.517999999999999988e-02	1.202230837904562755e+00	4.478637889836745473e-23
2.594999999999999929e+01	5.519000000000000294e-02	8.232918440674665828e-01	2.148596147721642928e-23
2.600000000000000000e+01	5.520000000000000601e-02	1.106867010781612093e+00	3.982443456408553485e-23
2.605000000000000071e+01	5.521000000000000213e-02	1.094844559966778874e+00	3.957116487305724277e-23
2.610000000000000142e+01	5.522000000000000519e-02	9.264424445510670569e-01	2.915599052253333306e-23
2.614999999999999858e+01	5.523000000000000131e-02	8.426324462802393667e-01	2.445869546052561414e-23
2.619999999999999929e+01	5.524000000000000438e-02	8.829054990519016322e-01	2.758435701753753714e-23
2.625000000000000000e+01	5.525000000000000050e-02	1.292623268715476170e+00	6.045893073196745443e-23
2.630000000000000071e+01	5.526000000000000356e-02	8.037785143383859854e-01	2.378385750693124901e-23
2.635000000000000142e+01	5.526999999999999968e-02	4.157229986248959230e-01	6.513484401274326345e-24
2.639999999999999858e+01	5.528000000000000275e-02	1.044977622611493295e+00	4.205677886922285797e-23
2.644999999999999929e+01	5.529000000000000581e-02	8.894400574615141108e-01	3.079792074805463234e-23
2.650000000000000000e+01	5.530000000000000193e-02	6.341006777769570002e-01	1.615849827475970479e-23
2.655000000000000071e+01	5.531000000000000499e-02	9.471724970674172406e-01	3.661288118740455524e-23
2.660000000000000142e+01	5.532000000000000112e-02	7.783821210071993901e-01	2.527036630191805380e-23
2.664999999999999858e+01	5.533000000000000418e-02	9.768613894617517168e-01	4.100614768750873607e-23
2.669999999999999929e+01	5.534000000000000030e-02	7.973380956108497841e-01	2.767816105109994119e-23
2.675000000000000000e+01	5.535000000000000336e-02	8.469503796215731573e-01	3.243874568718282448e-23
2.680000000000000071e+01	5.536000000000000643e-02	6.561524396482116828e-01	1.952736905840505924e-23
2.685000000000000142e+01	5.537000000000000255e-02	4.435254668024309899e-01	9.234710551241971658e-24
2.689999999999999858e+01	5.538000000000000561e-02	9.219989319346124645e-01	4.037912282052631159e-23
2.694999999999999929e+01	5.539000000000000173e-02	7.425730020705567647e-01	2.682270270619321303e-23
2.700000000000000000e+01	5.540000000000000480e-02	6.229400058414568120e-01	1.931504446162991776e-23
2.705000000000000071e+01	5.541000000000000092e-02	9.731552860331602606e-01	4.858465043836287032e-23
2.710000000000000142e+01	5.542000000000000398e-02	8.683808191195435677e-01	3.933888382434447037e-23
2.714999999999999858e+01	5.543000000000000010e-02	-1.253466876227520566e-01	8.280010287972529843e-25
2.719999999999999929e+01	5.544000000000000317e-02	1.304916069334612627e-01	9.173811679142235417e-25
2.725000000000000000e+01	5.544999999999999929e-02	9.301328941003279560e-01	4.681217159910780277e-23
2.730000000000000071e+01	5.546000000000000235e-02	1.052711516674544656e+00	6.211530558550507409e-23
2.735000000000000142e+01	5.547000000000000541e-02	1.226211806018467687e+00	8.751366002326535018e-23
2.739999999999999858e+01	5.548000000000000154e-02	1.265549006161582390e+00	9.730139494315020382e-23
2.744999999999999929e+01	5.549000000000000460e-02	3.677342007106463861e-01	8.323543151010969402e-24
2.750000000000000000e+01	5.550000000000000072e-02	1.750634159903718678e-01	1.961017865066037452e-24
2.755000000000000071e+01	5.551000000000000378e-02	9.940354693125318386e-01	6.393995339452096547e-23
2.760000000000000142e+01	5.551999999999999991e-02	1.146260197256652846e+00	8.837477330171827966e-23
2.764999999999999858e+01	5.553000000000000297e-02	4.790547534058925971e-01	1.569852026367397149e-23
2.769999999999999929e+01	5.554000000000000603e-02	1.987246243001307977e-01	2.797221139610745614e-24
2.775000000000000000e+01	5.555000000000000215e-02	5.457565186916067956e-01	2.120523646465047828e-23
2.780000000000000071e+01	5.556000000000000522e-02	6.593131828205776035e-01	3.186137646979882263e-23
2.785000000000000142e+01	5.557000000000000134e-02	7.119432584497659144e-01	3.795230199725300874e-23
2.789999999999999858e+01	5.558000000000000440e-02	6.900640972516428606e-01	3.687817439927765382e-23
2.794999999999999929e+01	5.559000000000000052e-02	6.234389978433262369e-01	3.075156087522914067e-23
2.800000000000000000e+01	5.560000000000000359e-02	1.014226923216097198e+00	8.563076906731509887e-23
2.805000000000000071e+01	5.561000000000000665e-02	1.118931563882724856e+00	1.067575171853513919e-22
2.810000000000000142e+01	5.562000000000000277e-02	4.172094841498956153e-01	1.542416130728913406e-23
2.814999999999999858e+01	5.562999999999999889e-02	3.418431168247354490e-01	1.062820174172836573e-23
2.819999999999999929e+01	5.564000000000000196e-02	5.380114165065869036e-01	2.677837928704070585e-23
2.825000000000000000e+01	5.565000000000000502e-02	3.927277197022017718e-01	1.450517250613434291e-23
2.830000000000000071e+01	5.566000000000000114e-02	3.861955284946502753e-01	1.439689782628826272e-23
2.835000000000000142e+01	5.567000000000000420e-02	1.098458615728637122e+00	1.217077029551580320e-22
2.839999999999999858e+01	5.568000000000000033e-02	8.138254929141838234e-01	6.766544498800466511e-23
2.844999999999999929e+01	5.569000000000000339e-02	3.186482379837943801e-01	1.096195632469451058e-23
2.850000000000000000e+01	5.569999999999999951e-02	6.559699973961858888e-01	4.721009501757020120e-23
2.855000000000000071e+01	5.571000000000000257e-02	1.035357318849451369e+00	1.238384179509851112e-22
2.860000000000000142e+01	5.572000000000000564e-02	6.159293709353258484e-01	4.435705529238662239e-23
2.864999999999999858e+01	5.573000000000000176e-02	4.912901457411069095e-01	3.014560164220610228e-23
2.869999999999999929e+01	5.574000000000000482e-02	7.278418940661938175e-01	6.638046276891296393e-23
2.875000000000000000e+01	5.575000000000000094e-02	3.819553934539716145e-01	1.907716784718771279e-23
2.880000000000000071e+01	5.576000000000000401e-02	7.239909223732311494e-01	7.093489099927362818e-23
2.885000000000000142e+01	5.577000000000000013e-02	6.857983732002316257e-01	6.513966624496808588e-23
2.889999999999999858e+01	5.578000000000000319e-02	4.456323227242617868e-01	2.863895542416916308e-23
2.894999999999999929e+01	5.579000000000000625e-02	5.983823561176910832e-01	5.321994623147684500e-23
2.900000000000000000e+01	5.580000000000000238e-02	5.541379328157485240e-01	4.682104390131795361e-23
2.905000000000000071e+01	5.581000000000000544e-02	4.178501922094806087e-01	2.747734371433003172e-23
2.910000000000000142e+01	5.582000000000000156e-02	8.763363688680990693e-01	1.270834144167433807e-22
2.914999999999999858e+01	5.583000000000000462e-02	5.459397389685660684e-01	4.957756320527987371e-23
2.919999999999999929e+01	5.584000000000000075e-02	2.700303290779769161e-01	1.289919618329024016e-23
2.925000000000000000e+01	5.585000000000000381e-02	9.569235157372812939e-01	1.664459899406118205e-22
2.930000000000000071e+01	5.586000000000000687e-02	7.206824341418870405e-01	9.750281527691685062e-23
2.935000000000000142e+01	5.587000000000000299e-02	4.968708696260575874e-01	4.898472705163586624e-23
2.939999999999999858e+01	5.587999999999999912e-02	6.649776679680408087e-01	9.033982665772301245e-23
2.944999999999999929e+01	5.589000000000000218e-02	5.367510959889670863e-01	6.094203324246652718e-23
2.950000000000000000e+01	5.590000000000000524e-02	3.272326888811258327e-01	2.327014587837234742e-23
2.955000000000000071e+01	5.591000000000000136e-02	6.945189095548127689e-01	1.102984845409863029e-22
2.960000000000000142e+01	5.592000000000000443e-02	6.457180826520859673e-01	9.640146155192752516e-23
2.964999999999999858e+01	5.593000000000000055e-02	5.145857681427593588e-01	6.545840215433128762e-23
2.969999999999999929e+01	5.594000000000000361e-02	6.149785406444324698e-01	9.488036600777099780e-23
2.975000000000000000e+01	5.594999999999999973e-02	3.635340439436369753e-01	3.460770433991916566e-23
2.980000000000000071e+01	5.596000000000000280e-02	5.954008957163009486e-01	9.634911399123192591e-23
2.985000000000000142e+01	5.597000000000000586e-02	7.034406781829760646e-01	1.391817698265455776e-22
2.989999999999999858e+01	5.598000000000000198e-02	3.475626035390730895e-01	3.498010769165412871e-23
2.994999999999999929e+01	5.599000000000000504e-02	4.965770422825881436e-01	7.525060091382513550e-23
3.000000000000000000e+01	5.600000000000000117e-02	8.983456668436118342e-01	2.546315276216614063e-22
