2.205000000000000071e+01	5.441000000000000003e-02	-3.299216347092033885e+01	4.056466663084682721e-20
2.210000000000000142e+01	5.442000000000000309e-02	2.619386580265519182e-01	1.323319315080657436e-24
2.214999999999999858e+01	5.443000000000000616e-02	3.661699468951193359e-01	2.570016018235831524e-24
2.219999999999999929e+01	5.444000000000000228e-02	-4.291340607603077451e-01	3.544148618989309357e-24
2.225000000000000000e+01	5.445000000000000534e-02	-8.579160009406326948e-01	1.401905492326394339e-23
2.230000000000000071e+01	5.446000000000000146e-02	4.384184810995144649e-02	3.680761991849545660e-26
2.235000000000000142e+01	5.447000000000000453e-02	5.190612701053549660e-01	5.109423373055681615e-24
2.239999999999999858e+01	5.448000000000000065e-02	-7.970281579004732109e-01	1.204794261846726797e-23
2.244999999999999929e+01	5.449000000000000371e-02	7.539472769427109367e-02	1.086245204107100402e-25
2.250000000000000000e+01	5.450000000000000677e-02	8.072180374734575503e-01	1.235959365996727202e-23
2.255000000000000071e+01	5.451000000000000290e-02	3.909387952552600964e-01	2.938194338724779292e-24
2.260000000000000142e+01	5.452000000000000596e-02	-2.133114336758034357e-01	8.696695231780434021e-25
2.264999999999999858e+01	5.453000000000000208e-02	-1.141824936359079889e-01	2.515460700239411210e-25
2.269999999999999929e+01	5.454000000000000514e-02	-1.993581553165426831e-02	7.573383062923149753e-27
2.275000000000000000e+01	5.455000000000000127e-02	-3.605541697536401302e-01	2.492826470658022492e-24
2.280000000000000071e+01	5.456000000000000433e-02	-6.008246775413170759e-01	6.824470211312587940e-24
2.285000000000000142e+01	5.457000000000000045e-02	-2.736603126731451674e-02	1.428897437423724694e-26
2.289999999999999858e+01	5.458000000000000351e-02	6.136451204992703357e-01	7.119989330681934209e-24
2.294999999999999929e+01	5.458999999999999964e-02	-3.808070947078551205e-01	2.752414939551917494e-24
2.300000000000000000e+01	5.460000000000000270e-02	3.019533567641546346e-01	1.744306780354047700e-24
2.305000000000000071e+01	5.461000000000000576e-02	8.161977459323674911e-01	1.271541515821670760e-23
2.310000000000000142e+01	5.462000000000000188e-02	1.923908702886588107e-01	7.126658513390399825e-25
2.314999999999999858e+01	5.463000000000000494e-02	-9.894466768034811954e-01	1.864498071854937116e-23
2.319999999999999929e+01	5.464000000000000107e-02	-6.104795728937865151e-01	7.137019742862333643e-24
2.325000000000000000e+01	5.465000000000000413e-02	4.424302385983021613e-01	3.701786581128122883e-24
2.330000000000000071e+01	5.466000000000000025e-02	-1.184143347889655279e-01	2.660164867894543308e-25
2.335000000000000142e+01	5.467000000000000332e-02	-6.161152597843505552e-01	7.162846057129676705e-24
2.339999999999999858e+01	5.468000000000000638e-02	2.397960142468627820e-01	1.092597298471619332e-24
2.344999999999999929e+01	5.469000000000000250e-02	8.391800750645239670e-01	1.332643022441440244e-23
2.350000000000000000e+01	5.470000000000000556e-02	-4.509998358843504418e-01	3.854395351389573086e-24
2.355000000000000071e+01	5.471000000000000169e-02	2.757719476432086703e-01	1.459883255247776844e-24
2.360000000000000142e+01	5.472000000000000475e-02	7.658496072152312095e-01	1.115960376546692007e-23
2.364999999999999858e+01	5.473000000000000087e-02	-4.117651519370347790e-01	3.249044592494430024e-24
2.369999999999999929e+01	5.474000000000000393e-02	-1.098976369345896709e+00	2.288199347378079265e-23
2.375000000000000000e+01	5.475000000000000006e-02	-1.537862757046058737e-01	4.499123994799962794e-25
2.380000000000000071e+01	5.476000000000000312e-02	6.666553127026754177e-01	8.373582901198457722e-24
2.385000000000000142e+01	5.477000000000000618e-02	-5.645520677470693416e-01	6.007800609356430295e-24
2.389999999999999858e+01	5.478000000000000230e-02	1.329013114072528090e-01	3.362031604147085836e-25
2.394999999999999929e+01	5.479000000000000536e-02	9.347837832200943664e-01	1.654973464423639221e-23
2.400000000000000000e+01	5.480000000000000149e-02	3.650452565281833150e-01	2.552832354290073598e-24
2.405000000000000071e+01	5.481000000000000455e-02	-3.276844427509404412e-01	2.049515741545895658e-24
2.410000000000000142e+01	5.482000000000000067e-02	8.058169103325699134e-02	1.251131566116268485e-25
2.414999999999999858e+01	5.483000000000000373e-02	2.903201318523494501e-01	1.607995336357995394e-24
2.419999999999999929e+01	5.483999999999999986e-02	-2.005985861097883960e-01	7.741251331975671509e-25
2.425000000000000000e+01	5.485000000000000292e-02	-4.597704003645026183e-01	4.024098614206185622e-24
2.430000000000000071e+01	5.486000000000000598e-02	2.493270864585781232e-01	1.196654539700663425e-24
2.435000000000000142e+01	5.487000000000000210e-02	9.849362815883315747e-01	1.859308011280431255e-23
2.439999999999999858e+01	5.488000000000000517e-02	-1.197401897188112019e-01	2.764639938114339319e-25
2.444999999999999929e+01	5.489000000000000129e-02	5.323326058191871768e-01	5.539424627500940778e-24
2.450000000000000000e+01	5.490000000000000435e-02	1.307033839337247150e+00	3.345728218963547452e-23
2.455000000000000071e+01	5.491000000000000048e-02	4.922447086090211421e-01	4.800960544729066339e-24
2.460000000000000142e+01	5.492000000000000354e-02	-3.830536335969232375e-01	2.908758292262079363e-24
2.464999999999999858e+01	5.493000000000000660e-02	1.618700856926927681e-02	5.226745898044551241e-27
2.469999999999999929e+01	5.494000000000000272e-02	5.730158240793384872e-01	6.525599042287436942e-24
2.475000000000000000e+01	5.495000000000000578e-02	4.003709359595802875e-01	3.215466745963644780e-24
2.480000000000000071e+01	5.496000000000000191e-02	6.875426724697711323e-02	9.475439533732190850e-26
2.485000000000000142e+01	5.497000000000000497e-02	3.835054734474714899e-01	2.981554305570033444e-24
2.489999999999999858e+01	5.498000000000000109e-02	9.048517429574490789e-01	1.662882707990912330e-23
2.494999999999999929e+01	5.499000000000000415e-02	3.072296094042489822e-01	1.931502890341813792e-24
2.500000000000000000e+01	5.500000000000000028e-02	1.112407467463391031e+00	2.583704315875419819e-23
2.505000000000000071e+01	5.501000000000000334e-02	1.206399208005099810e+00	3.040974914688996357e-23
2.510000000000000142e+01	5.501999999999999946e-02	-2.562864299022894754e-02	1.392284594519211186e-26
2.514999999999999858e+01	5.503000000000000252e-02	-6.895763583857964507e-01	1.000690334334530521e-23
2.519999999999999929e+01	5.504000000000000559e-02	9.858655125512988393e-02	2.062327155723764343e-25
2.525000000000000000e+01	5.505000000000000171e-02	1.102300212946110580e+00	2.571919363794406064e-23
2.530000000000000071e+01	5.506000000000000477e-02	1.149920331906416404e+00	2.856059711921466296e-23
2.535000000000000142e+01	5.507000000000000089e-02	7.963521712590901913e-01	1.378994392319586209e-23
2.539999999999999858e+01	5.508000000000000396e-02	9.262755272691152175e-01	1.909659480758175203e-23
2.544999999999999929e+01	5.509000000000000008e-02	9.932398956726228301e-01	2.201749583748002156e-23
2.550000000000000000e+01	5.510000000000000314e-02	9.498720382357646319e-02	2.038642114649229789e-25
2.555000000000000071e+01	5.511000000000000620e-02	5.345663483082268019e-01	6.523964409595595209e-24
2.560000000000000142e+01	5.512000000000000233e-02	5.731072098133053183e-01	7.495964631325185538e-24
2.564999999999999858e+01	5.513000000000000539e-02	3.312088930530709407e-01	2.537417326785057489e-24
2.569999999999999929e+01	5.514000000000000151e-02	4.876793186407290537e-01	5.515612195215344570e-24
2.575000000000000000e+01	5.515000000000000457e-02	6.317345074570116514e-01	9.368480465888389570e-24
2.580000000000000071e+01	5.516000000000000070e-02	7.452847357658922700e-01	1.312850071934407621e-23
2.585000000000000142e+01	5.517000000000000376e-02	6.319792678901241523e-01	9.562017938464771613e-24
2.589999999999999858e+01	5.517999999999999988e-02	1.071573445766408117e+00	2.792850161019226204e-23
2.594999999999999929e+01	5.519000000000000294e-02	6.091215491578685359e-01	9.059446524997095317e-24
2.600000000000000000e+01	5.520000000000000601e-02	8.163000274014928781e-01	1.670960710653783954e-23
2.605000000000000071e+01	5.521000000000000213e-02	9.647521385262629590e-01	2.331438317614345253e-23
2.610000000000000142e+01	5.522000000000000519e-02	-4.047818239100083870e-01	4.136575366137282848e-24
2.614999999999999858e+01	5.523000000000000131e-02	6.176236510600214835e-01	9.809616574859620508e-24
2.619999999999999929e+01	5.524000000000000438e-02	8.522569314499635063e-01	1.847495469413307362e-23
2.625000000000000000e+01	5.525000000000000050e-02	4.512178979310988991e-01	5.331637893268743732e-24
2.630000000000000071e+01	5.526000000000000356e-02	1.022072646265024698e+00	2.742800257033711073e-23
2.635000000000000142e+01	5.526999999999999968e-02	1.033562192722984330e+00	2.870711706265344271e-23
2.639999999999999858e+01	5.528000000000000275e-02	5.673641657456196530e-01	8.688852157402484515e-24
2.644999999999999929e+01	5.529000000000000581e-02	1.486560681979027902e-02	6.049642751612822923e-27
2.650000000000000000e+01	5.530000000000000193e-02	6.766445062599431015e-01	1.263620737530799082e-23
2.655000000000000071e+01	5.531000000000000499e-02	1.374205349850441849e+00	5.302518592176319461e-23
2.660000000000000142e+01	5.532000000000000112e-02	8.956874040782535351e-01	2.278947424384626974e-23
2.664999999999999858e+01	5.533000000000000418e-02	3.456784841760393023e-01	3.464198206397026835e-24
2.669999999999999929e+01	5.534000000000000030e-02	4.485477650552637807e-01	5.861449205938104576e-24
2.675000000000000000e+01	5.535000000000000336e-02	5.755963123568691442e-01	9.775940718598149972e-24
2.680000000000000071e+01	5.536000000000000643e-02	4.086077820055910026e-01	4.944852364898293792e-24
2.685000000000000142e+01	5.537000000000000255e-02	7.046709407516306145e-01	1.502342600721614865e-23
2.689999999999999858e+01	5.538000000000000561e-02	1.207150103333878066e+00	4.455832001556940282e-23
2.694999999999999929e+01	5.539000000000000173e-02	4.849160634283853910e-01	7.285539964941869833e-24
2.700000000000000000e+01	5.540000000000000480e-02	4.001609898695562828e-01	5.058268233196028958e-24
2.705000000000000071e+01	5.541000000000000092e-02	7.623122873774768049e-01	1.847232075563710906e-23
2.710000000000000142e+01	5.542000000000000398e-02	5.685734825200551290e-01	1.042041922026631446e-23
2.714999999999999858e+01	5.543000000000000010e-02	1.815634580353378894e-02	1.065080443028601347e-26
2.719999999999999929e+01	5.544000000000000317e-02	9.013042239688729973e-01	2.702261945857906242e-23
2.725000000000000000e+01	5.544999999999999929e-02	1.214095712213170364e+00	4.890395305870645267e-23
2.730000000000000071e+01	5.546000000000000235e-02	8.166275225716754793e-01	2.304198705893633596e-23
2.735000000000000142e+01	5.547000000000000541e-02	3.680865440842704950e-01	4.653705551101633666e-24
2.739999999999999858e+01	5.548000000000000154e-02	7.627037265311010783e-01	2.083947675663439550e-23
2.744999999999999929e+01	5.549000000000000460e-02	9.512753495419631333e-01	3.203056151326087787e-23
2.750000000000000000e+01	5.550000000000000072e-02	-1.697513215164389022e-01	1.046664525595491238e-24
2.755000000000000071e+01	5.551000000000000378e-02	4.328168417674650992e-01	6.848187906185852288e-24
2.760000000000000142e+01	5.551999999999999991e-02	5.462650869972263123e-01	1.093650054365949276e-23
2.764999999999999858e+01	5.553000000000000297e-02	6.492273915648296700e-01	1.581484929498258805e-23
2.769999999999999929e+01	5.554000000000000603e-02	5.141793969297773215e-01	9.940012419935790135e-24
2.775000000000000000e+01	5.555000000000000215e-02	3.125984086514854710e-01	3.753976705744477105e-24
2.780000000000000071e+01	5.556000000000000522e-02	7.442204088682725649e-01	2.148236559783638108e-23
2.785000000000000142e+01	5.557000000000000134e-02	5.618023871768649258e-01	1.239444670168951482e-23
2.789999999999999858e+01	5.558000000000000440e-02	5.484289030974976997e-01	1.205533722379371919e-23
2.794999999999999929e+01	5.559000000000000052e-02	9.575575980042050350e-01	3.744935481888163642e-23
2.800000000000000000e+01	5.560000000000000359e-02	6.794175558861001996e-01	1.910642688130909665e-23
2.805000000000000071e+01	5.561000000000000665e-02	1.245559603569006135e-01	6.520260597229993654e-25
2.810000000000000142e+01	5.562000000000000277e-02	7.992317324258834121e-01	2.751726351528300359e-23
2.814999999999999858e+01	5.562999999999999889e-02	9.264186182256211044e-01	3.712274276929586270e-23
2.819999999999999929e+01	5.564000000000000196e-02	4.023648992404689206e-01	7.211111209128716130e-24
2.825000000000000000e+01	5.565000000000000502e-02	1.296778109167891491e-01	7.490194080004341484e-25
2.830000000000000071e+01	5.566000000000000114e-02	5.840346465915734475e-01	1.562779254935930104e-23
2.835000000000000142e+01	5.567000000000000420e-02	8.410750224991171420e-01	3.239915775708651161e-23
2.839999999999999858e+01	5.568000000000000033e-02	8.992341691635075129e-01	3.870467901185322187e-23
2.844999999999999929e+01	5.569000000000000339e-02	8.322481973789070953e-01	3.332720789852670287e-23
2.850000000000000000e+01	5.569999999999999951e-02	1.689059163837310362e-01	1.410305047179163552e-24
2.855000000000000071e+01	5.571000000000000257e-02	3.243098053492416977e-01	5.241791159312333875e-24
2.860000000000000142e+01	5.572000000000000564e-02	6.825340093216102355e-01	2.364760837015032946e-23
2.864999999999999858e+01	5.573000000000000176e-02	5.280658093278789433e-01	1.427292536952894891e-23
2.869999999999999929e+01	5.574000000000000482e-02	6.144401445891028990e-01	1.997229508936526628e-23
2.875000000000000000e+01	5.575000000000000094e-02	2.205773919747980663e-02	2.534087014477316929e-26
2.880000000000000071e+01	5.576000000000000401e-02	1.030620865034196157e-02	5.734192134308170169e-27
2.885000000000000142e+01	5.577000000000000013e-02	9.109363468940918640e-01	4.455070903805624906e-23
2.889999999999999858e+01	5.578000000000000319e-02	9.282191249653765075e-02	4.667114200322996482e-25
2.894999999999999929e+01	5.579000000000000625e-02	4.666358734718211165e-01	1.223668656854806774e-23
2.900000000000000000e+01	5.580000000000000238e-02	1.269107565357004974e+00	9.134702074790576445e-23
2.905000000000000071e+01	5.581000000000000544e-02	3.440325869057954122e-01	6.837719092747250926e-24
2.910000000000000142e+01	5.582000000000000156e-02	4.062241148630949539e-01	9.915874703423903214e-24
2.914999999999999858e+01	5.583000000000000462e-02	6.891592572085906143e-01	2.844754734474161808e-23
2.919999999999999929e+01	5.584000000000000075e-02	2.704455418317029403e-01	4.502343213886523313e-24
2.925000000000000000e+01	5.585000000000000381e-02	9.598539061967960029e-01	5.856981127384485154e-23
2.930000000000000071e+01	5.586000000000000687e-02	7.224778363442807549e-01	3.331821049029112612e-23
2.935000000000000142e+01	5.587000000000000299e-02	-1.181335045830134677e-02	9.187761764852692210e-27
2.939999999999999858e+01	5.587999999999999912e-02	4.805708867655862360e-01	1.541872072825701472e-23
2.944999999999999929e+01	5.589000000000000218e-02	1.008711702952375777e+00	6.959698347504953277e-23
2.950000000000000000e+01	5.590000000000000524e-02	1.078416434439216864e+00	8.248652155144264392e-23
2.955000000000000071e+01	5.591000000000000136e-02	5.671457143350589619e-02	2.292790365731940143e-25
2.960000000000000142e+01	5.592000000000000443e-02	-1.003613091064949232e-02	7.452355687516486354e-27
2.964999999999999858e+01	5.593000000000000055e-02	1.153123000034467216e+00	9.952752288992191854e-23
2.969999999999999929e+01	5.594000000000000361e-02	5.778820584724160270e-01	2.528741362898348411e-23
2.975000000000000000e+01	5.594999999999999973e-02	1.905324887677403711e-01	2.871115109553969034e-24
2.980000000000000071e+01	5.596000000000000280e-02	6.208641056901595956e-01	3.067805830838484919e-23
2.985000000000000142e+01	5.597000000000000586e-02	7.045656691696190466e-01	4.078409425641028634e-23
2.989999999999999858e+01	5.598000000000000198e-02	6.504867837909792394e-01	3.555475947675051266e-23
2.994999999999999929e+01	5.599000000000000504e-02	8.668001080370717482e-01	6.611232093816567838e-23
3.000000000000000000e+01	5.600000000000000117e-02	8.114418742496382064e-01	5.901427046160306890e-23
