3.141517402067838471e+00 2.428003451240244104e+01 4.696232851779258075e-03 1.410232086599131317e-02
3.155940002912450026e+00 2.427441721956136078e+01 4.991769775295425149e-03 8.384878062372444138e-03
3.164560943643520030e+00 2.427459130113942720e+01 6.900608574961729184e-03 9.488124605380137203e-03
3.176502111547990115e+00 2.427606457372388959e+01 4.354421531099147112e-03 1.229731503408677123e-02
3.180812581913450732e+00 2.427311457436071862e+01 4.448927326435674588e-03 7.691885719553409780e-03
3.197937964176539083e+00 2.427406828625635882e+01 6.060937310153245716e-03 7.980523369846885540e-03
3.205894859472810499e+00 2.427501341295537785e+01 4.303443199262674615e-03 9.478383207176159855e-03
3.214271151885889299e+00 2.427419242386883980e+01 5.045235859271946476e-03 8.130492381571074664e-03
3.216449686908424255e+00 2.427645553179407045e+01 4.778398952975947828e-03 7.875737024604877873e-03
3.223055191495531435e+00 2.427903838881999832e+01 4.136033313587146598e-03 1.322087571944091829e-02
3.234087665647300103e+00 2.427443598092239796e+01 5.321654849624739801e-03 8.185866609173919617e-03
3.244421144604637597e+00 2.427499268432937995e+01 4.353174613979212543e-03 8.093228953591199981e-03
3.239248580166024905e+00 2.427637913537039793e+01 4.292706994224671641e-03 8.887581776823232776e-03
3.244374544925028747e+00 2.427334687939003643e+01 5.927210891357912424e-03 8.887666195218336951e-03
3.247916120576704202e+00 2.427505395864405813e+01 5.179644004552867373e-03 8.266139361382518133e-03
3.250723751274167572e+00 2.427505220449799239e+01 3.652468204125228733e-03 7.980912862561773471e-03
3.249593709043249845e+00 2.427673077109873390e+01 4.965326520972031081e-03 9.053725726410919578e-03
3.251632445026928053e+00 2.427645634727324619e+01 3.781399621606541805e-03 8.572941696156109043e-03
3.251387796708877342e+00 2.427712000090200561e+01 4.584269388410036963e-03 1.285843519294635993e-02
3.257422455220641222e+00 2.427727569408304120e+01 4.429942361790223729e-03 1.325941747894977644e-02
3.257224406582229115e+00 2.427351352692133801e+01 3.940119341072347188e-03 8.287344558363904032e-03
3.263725061890231149e+00 2.427402400266286620e+01 4.001030962246552442e-03 8.333773465094325081e-03
3.266416193388701927e+00 2.427688810031904154e+01 4.360775262395393502e-03 8.033424289411250988e-03
3.271274209989790460e+00 2.427918707136650767e+01 3.907432459283173738e-03 8.727442850447854686e-03
