2.579913208096698440e+01 2.476432683487864850e+01 9.761534557972030221e-03 1.442130233414472100e-02
2.583342944517259099e+01 2.476437453955394830e+01 8.841253088478252808e-03 1.398348290035343784e-02
2.586686471530510900e+01 2.476401968001852794e+01 7.945177048164265426e-03 1.110528022025246593e-02
2.590521625163823671e+01 2.476410884342972096e+01 1.152049264180176995e-02 1.131266425766434998e-02
2.593891946992866693e+01 2.476476789292552638e+01 9.367332518415446771e-03 1.426170471413258992e-02
2.597205184214351803e+01 2.473112745880579411e+01 1.108564410402676156e-02 6.414655678765641576e-04
2.600392602300862777e+01 2.476583443744648605e+01 9.587721294447036635e-03 1.442645377051489028e-02
2.603490316004071659e+01 2.476939467310604215e+01 7.970912319151811018e-03 1.207952771118594136e-02
2.607183340614538736e+01 2.476656554626793394e+01 1.249691638084361213e-02 1.182067018494251283e-02
2.610682976554536694e+01 2.477061809896079581e+01 6.892185563542741443e-03 1.181463690365350434e-02
2.613601281491188644e+01 2.476920053844694891e+01 9.472323422902603068e-03 1.209260154645875988e-02
2.617137032182899858e+01 2.476934982713786937e+01 1.092269303664516154e-02 1.235017730508857804e-02
2.620415319644675378e+01 2.476808743542036240e+01 9.353543599353669746e-03 3.583334949942226094e-02
2.623434978884516866e+01 2.476927147428969178e+01 8.965474391519082098e-03 3.571412119049480194e-02
2.626575797291395276e+01 2.477387654779030512e+01 1.003149431941643445e-02 1.077628610826380368e-02
2.629727100626181269e+01 2.477399522857199088e+01 8.363117155573467076e-03 1.134829757668695364e-02
2.632756079801950477e+01 2.476951612069557029e+01 9.272750804215581025e-03 3.801343773480025945e-02
2.636155526430750484e+01 2.477014849101620442e+01 8.913901787575348803e-03 3.760269930417935863e-02
2.639219455366247402e+01 2.477353505243786103e+01 8.541067889095076485e-03 1.172369415041771452e-02
2.641750982961990957e+01 2.476045187551932258e+01 8.473713215232757737e-03 2.883733313595822079e-01
2.644798602009615607e+01 2.476925254668734411e+01 1.178879796743906132e-02 4.262970358154272166e-02
2.648195718654432440e+01 2.477142355830614306e+01 8.617791528826031222e-03 3.914318383726359679e-02
2.651089558759282383e+01 2.477950107825768100e+01 9.108821985585208517e-03 1.191296255186813022e-02
2.654433085772533829e+01 2.477196740604739489e+01 1.029732987130699100e-02 4.232770303486689534e-02
2.657847677297220201e+01 2.477875780557775443e+01 8.504042552759435297e-03 1.285466649557987992e-02
2.660842871705253998e+01 2.478336308246139197e+01 1.178874040388430168e-02 1.480944494566777472e-02
2.663949905344402325e+01 2.478059788382925177e+01 9.598120073858936244e-03 5.211483111359506079e-03
2.666769185961848265e+01 2.478383593269916929e+01 6.948139591198380927e-03 2.705798121365945302e-02
2.669439347604486201e+01 2.478577058597154803e+01 8.204306695293289708e-03 1.190350414573807941e-01
2.672556866171542467e+01 2.478475824946605854e+01 1.017061360813511887e-02 1.185705876918736884e-01
2.675416921508662682e+01 2.478446857835832873e+01 9.841624521329020089e-03 1.946639253275935649e-02
2.678088248143298244e+01 2.478652319392593739e+01 9.291378996263970069e-03 1.783933871210065247e-02
2.681316440949471414e+01 2.478417667188670137e+01 9.428161492570348232e-03 1.927307419230339311e-02
2.684122906655020557e+01 2.478650829143368739e+01 8.085531212891764949e-03 2.615187237085729588e-02
2.686670744138636024e+01 2.478664358848619642e+01 9.425526795781912631e-03 1.160765593537806638e-02
2.689402650356775126e+01 2.478329578285972445e+01 1.017581658938230063e-02 6.627930339493611801e-03
