-1.968255366244355287e+01 2.379696048749597992e+01 7.015424292929396156e-03 2.304079467202084161e-02
-1.959553924566767336e+01 2.379354248566003349e+01 6.672977513816058352e-03 2.712884865205289486e-02
-1.951809756807924146e+01 2.379393125803743203e+01 6.823394588551524344e-03 1.615806897320998248e-02
-1.947160623270715973e+01 2.379499292119896836e+01 7.527534243559372111e-03 1.722222641911783439e-02
-1.945082976554535747e+01 2.379331523467900311e+01 4.247704262794964325e-03 1.146462502207375340e-02
-1.944934906072522907e+01 2.379257753817750043e+01 5.538461858187713333e-03 1.323709346820207099e-02
-1.944881432940148613e+01 2.379614447386287779e+01 3.907636342359633620e-03 1.280168036899419562e-02
-1.945822163972621510e+01 2.379497327641516335e+01 4.268916635383533317e-03 1.239338636864894226e-02
-1.947083733799334482e+01 2.379182215418504143e+01 5.280813730503072616e-03 1.257785260526515271e-02
-1.949229183049364877e+01 2.378886666018145490e+01 6.695799346213355402e-03 1.027639007761847745e-02
-1.950475374981794729e+01 2.379060403089367526e+01 3.537190037119684449e-03 1.292965275346621978e-02
-1.951871384884228533e+01 2.379615536671192899e+01 4.077359460887421995e-03 1.123523162807803233e-02
-1.952787767584102241e+01 2.379013914493033965e+01 4.050334876760226105e-03 1.591161836908370687e-13
-1.952311169360712384e+01 2.379396738622585517e+01 4.367100170564548224e-03 1.656911572746128103e-02
-1.950252395514781512e+01 2.379040957357492658e+01 6.979355494175077182e-03 9.997947914378019565e-03
-1.948404368719965873e+01 2.379243734327384274e+01 5.769956590572647773e-03 1.041892630316659449e-02
-1.947251259647589450e+01 2.379071271684387767e+01 4.385746307796337291e-03 9.717146135028661286e-03
-1.946955701179553344e+01 2.379012700382543954e+01 4.500989034955999411e-03 1.100721241169743368e-02
-1.947748594728412641e+01 2.379501398250582866e+01 4.087985945293103052e-03 1.277250175768535230e-02
-1.948598339886416042e+01 2.379196907307245823e+01 4.152622734374354641e-03 1.129938753657110280e-02
-1.949435386631719069e+01 2.379411233573520335e+01 3.942072623701248224e-03 1.620701518461869356e-02
-1.949543730886849957e+01 2.379051265575169083e+01 3.609526854120726890e-03 9.847093937844195871e-03
-1.950271617882626884e+01 2.379149005071746004e+01 3.663758860615388881e-03 9.763570474207236907e-03
-1.951191961555262822e+01 2.379125425314899545e+01 4.403664177186735612e-03 1.111429047390623086e-02
-1.952121741663029297e+01 2.379448745276924271e+01 4.095970023189236982e-03 1.166678985608623868e-02
-1.952797320518417479e+01 2.377059798240605915e+01 5.336804531310399002e-03 1.460433353185163137e-12
-1.953537323430901651e+01 2.379020300830541501e+01 4.909031301252091313e-03 1.242764160745950253e-02
-1.954016251638271839e+01 2.379089087994858787e+01 4.991131611467827106e-03 1.129153623549209069e-02
-1.954369011213048424e+01 2.378912416192684631e+01 4.931969892254574502e-03 9.550286315591832026e-03
-1.954270918887431208e+01 2.379086203120474963e+01 4.408843810910310218e-03 1.116230985769456341e-02
-1.952906596767146752e+01 2.379109526937909891e+01 5.352432183218504454e-03 1.161215832635975435e-02
-1.943478200087373864e+01 2.379527972605073316e+01 5.709336095486873368e-03 1.188989775971323846e-02
-1.942953837192371580e+01 2.378991184401778369e+01 4.390621282797589967e-03 1.016523009291889559e-02
-1.942527683122180093e+01 2.379807690789253627e+01 3.657855202338790041e-03 2.609600102516916945e-02
