2.205000000000000071e+01	5.441000000000000003e-02	-3.383132854340262696e+01	4.276876558811522550e-20
2.210000000000000142e+01	5.442000000000000309e-02	-6.812102086435732270e-03	8.870772887025423186e-28
2.214999999999999858e+01	5.443000000000000616e-02	9.508723358239919987e-01	1.723268997431136932e-23
2.219999999999999929e+01	5.444000000000000228e-02	5.410896654360494162e-01	5.635595882279203935e-24
2.225000000000000000e+01	5.445000000000000534e-02	-4.713946597002218186e-01	4.261382712957613273e-24
2.230000000000000071e+01	5.446000000000000146e-02	-3.139032507908190994e-01	1.902258706670814275e-24
2.235000000000000142e+01	5.447000000000000453e-02	-1.497795399797126892e-01	4.267855307436855847e-25
2.239999999999999858e+01	5.448000000000000065e-02	-8.838295752316019938e-01	1.484952203518398598e-23
2.244999999999999929e+01	5.449000000000000371e-02	2.350014306802128694e-01	1.051771651674503848e-24
2.250000000000000000e+01	5.450000000000000677e-02	6.166838821355464795e-01	7.204572850635735703e-24
2.255000000000000071e+01	5.451000000000000290e-02	4.556847317634097477e-02	3.968954177915012518e-26
2.260000000000000142e+01	5.452000000000000596e-02	-4.175341046934615274e-01	3.311093128979084333e-24
2.264999999999999858e+01	5.453000000000000208e-02	2.548407174616474369e-01	1.246146321584965106e-24
2.269999999999999929e+01	5.454000000000000514e-02	8.621565051622815945e-01	1.419872170186544739e-23
2.275000000000000000e+01	5.455000000000000127e-02	1.529872013808473430e-01	4.514757707508649152e-25
2.280000000000000071e+01	5.456000000000000433e-02	-9.697781670650426067e-01	1.794003756668324790e-23
2.285000000000000142e+01	5.457000000000000045e-02	-4.826984133031250179e-01	4.475322480132935809e-24
2.289999999999999858e+01	5.458000000000000351e-02	1.169889114238098354e-01	2.582322322824571937e-25
2.294999999999999929e+01	5.458999999999999964e-02	-5.911205835014124998e-01	6.619545298408778326e-24
2.300000000000000000e+01	5.460000000000000270e-02	3.593944314072876622e-01	2.451941817570152078e-24
2.305000000000000071e+01	5.461000000000000576e-02	6.113752841950407246e-01	7.082794870080351961e-24
2.310000000000000142e+01	5.462000000000000188e-02	1.041281640719008833e-01	2.070558419128094467e-25
2.314999999999999858e+01	5.463000000000000494e-02	-4.712672482321790812e-01	4.215996618854633219e-24
2.319999999999999929e+01	5.464000000000000107e-02	3.582995303352580208e-01	2.466248253168828614e-24
2.325000000000000000e+01	5.465000000000000413e-02	8.671791095966834284e-01	1.434825435249524709e-23
2.330000000000000071e+01	5.466000000000000025e-02	-3.195619035560607890e-01	1.962779625318413863e-24
2.335000000000000142e+01	5.467000000000000332e-02	-1.270577538147322771e+00	3.064415235094665299e-23
2.339999999999999858e+01	5.468000000000000638e-02	-2.423670117845726502e-01	1.120880233221252656e-24
2.344999999999999929e+01	5.469000000000000250e-02	7.018546666982715676e-01	9.282540602647707640e-24
2.350000000000000000e+01	5.470000000000000556e-02	-5.915916463347751231e-01	6.607245924063388994e-24
2.355000000000000071e+01	5.471000000000000169e-02	1.005126522110146303e-01	1.923374723744100766e-25
2.360000000000000142e+01	5.472000000000000475e-02	7.975759637293675652e-01	1.204113388795667613e-23
2.364999999999999858e+01	5.473000000000000087e-02	2.796720864745853019e-01	1.496394954660554846e-24
2.369999999999999929e+01	5.474000000000000393e-02	-4.071608654776302516e-01	3.153698369259944973e-24
2.375000000000000000e+01	5.475000000000000006e-02	1.086958430588386842e-01	2.271702992388585600e-25
2.380000000000000071e+01	5.476000000000000312e-02	4.024917751147556455e-01	3.081598350943634190e-24
2.385000000000000142e+01	5.477000000000000618e-02	-1.125662983389538851e+00	2.404775637847621581e-23
2.389999999999999858e+01	5.478000000000000230e-02	-3.269224514850152530e-01	2.035035677599809844e-24
2.394999999999999929e+01	5.479000000000000536e-02	6.841242568829419834e-01	8.832109302293968504e-24
2.400000000000000000e+01	5.480000000000000149e-02	8.903571971402408913e-02	1.504818883812255478e-25
2.405000000000000071e+01	5.481000000000000455e-02	-4.491333913440598291e-01	3.818073815973019644e-24
2.410000000000000142e+01	5.482000000000000067e-02	3.762996603001980689e-01	2.704088380783137985e-24
2.414999999999999858e+01	5.483000000000000373e-02	1.005519363376542907e+00	1.927456853610221597e-23
2.419999999999999929e+01	5.483999999999999986e-02	5.965748097817408224e-01	6.882603252364697723e-24
2.425000000000000000e+01	5.485000000000000292e-02	-1.268559388467666027e-01	3.102685120263272018e-25
2.430000000000000071e+01	5.486000000000000598e-02	-9.125754718283993205e-02	1.621122907425915184e-25
2.435000000000000142e+01	5.487000000000000210e-02	1.206898316860074150e-01	2.808165501552037346e-25
2.439999999999999858e+01	5.488000000000000517e-02	-6.701053122907677517e-01	8.654989260247354367e-24
2.444999999999999929e+01	5.489000000000000129e-02	4.025506681213160132e-01	3.145431441478693026e-24
2.450000000000000000e+01	5.490000000000000435e-02	1.115828120555157010e+00	2.413814525504668261e-23
2.455000000000000071e+01	5.491000000000000048e-02	5.811092912201918370e-01	6.639844670620155355e-24
2.460000000000000142e+01	5.492000000000000354e-02	-2.170540995099069781e-02	9.265134638380604000e-27
2.464999999999999858e+01	5.493000000000000660e-02	6.874767532458783137e-01	9.450859028652918523e-24
2.469999999999999929e+01	5.494000000000000272e-02	1.181993695679746770e+00	2.790315959713075192e-23
2.475000000000000000e+01	5.495000000000000578e-02	5.989088564599839293e-01	7.297832065241314183e-24
2.480000000000000071e+01	5.496000000000000191e-02	-4.494022262448182925e-01	4.073213245283257648e-24
2.485000000000000142e+01	5.497000000000000497e-02	-6.336044644925570291e-02	8.227452657314512904e-26
2.489999999999999858e+01	5.498000000000000109e-02	1.000201155705852329e+00	2.032754378566156161e-23
2.494999999999999929e+01	5.499000000000000415e-02	1.094376694803207428e-01	2.456042039092541125e-25
2.500000000000000000e+01	5.500000000000000028e-02	4.548042029590507740e-01	4.287209650013497856e-24
2.505000000000000071e+01	5.501000000000000334e-02	1.089956133869440569e+00	2.476863730138546827e-23
2.510000000000000142e+01	5.501999999999999946e-02	8.299991291052793985e-01	1.453568441298670802e-23
2.514999999999999858e+01	5.503000000000000252e-02	3.933611070705690937e-01	3.293411757926015879e-24
2.519999999999999929e+01	5.504000000000000559e-02	6.178676889934560101e-01	8.221311206376691262e-24
2.525000000000000000e+01	5.505000000000000171e-02	8.980756802232447988e-01	1.748532023827776032e-23
2.530000000000000071e+01	5.506000000000000477e-02	3.848284603258497194e-01	3.235359296725903306e-24
2.535000000000000142e+01	5.507000000000000089e-02	-5.037877791817921974e-02	5.569683273234301449e-26
2.539999999999999858e+01	5.508000000000000396e-02	9.325550794569356094e-01	1.936780754270091410e-23
2.544999999999999929e+01	5.509000000000000008e-02	8.161985260001467513e-01	1.478373948156223787e-23
2.550000000000000000e+01	5.510000000000000314e-02	-7.245884881009047145e-03	1.185311878236734342e-27
2.555000000000000071e+01	5.511000000000000620e-02	9.456972879394425213e-01	2.037214844457626086e-23
2.560000000000000142e+01	5.512000000000000233e-02	1.278324654456499010e+00	3.760554325222375696e-23
2.564999999999999858e+01	5.513000000000000539e-02	3.952894279298260760e-01	3.632119255434433601e-24
2.569999999999999929e+01	5.514000000000000151e-02	9.364590388536520038e-02	2.060704549215759189e-25
2.575000000000000000e+01	5.515000000000000457e-02	1.011049007782234055e+00	2.428426658884381873e-23
2.580000000000000071e+01	5.516000000000000070e-02	7.502487588456645540e-01	1.340158140054733902e-23
2.585000000000000142e+01	5.517000000000000376e-02	1.260299083607279713e-01	3.841232769774149387e-25
2.589999999999999858e+01	5.517999999999999988e-02	9.148726813164906879e-01	2.046077999049174271e-23
2.594999999999999929e+01	5.519000000000000294e-02	9.983391424530053682e-01	2.454269211163244891e-23
2.600000000000000000e+01	5.520000000000000601e-02	5.541816742368825821e-01	7.688437423546155056e-24
2.605000000000000071e+01	5.521000000000000213e-02	9.335358805263458404e-01	2.215041332766311606e-23
2.610000000000000142e+01	5.522000000000000519e-02	7.171746126363894858e-01	1.315051523040593061e-23
2.614999999999999858e+01	5.523000000000000131e-02	2.197589855181672491e-01	1.251435212746268170e-24
2.619999999999999929e+01	5.524000000000000438e-02	8.969628444091680697e-01	2.114228249511156227e-23
2.625000000000000000e+01	5.525000000000000050e-02	7.620638583295480384e-01	1.530423318137391230e-23
2.630000000000000071e+01	5.526000000000000356e-02	6.320289047093301527e-01	1.078056583387860823e-23
2.635000000000000142e+01	5.526999999999999968e-02	1.028149777750280824e+00	2.874641478748330125e-23
2.639999999999999858e+01	5.528000000000000275e-02	4.863532088376764095e-01	6.512263140632085794e-24
2.644999999999999929e+01	5.529000000000000581e-02	5.161661162519886048e-01	7.449496707636704126e-24
2.650000000000000000e+01	5.530000000000000193e-02	1.056958454634500333e+00	3.163916172725686001e-23
2.655000000000000071e+01	5.531000000000000499e-02	8.132344630941652497e-01	1.895350153052961734e-23
2.660000000000000142e+01	5.532000000000000112e-02	7.013685599915618629e-02	1.422744354347696303e-25
2.664999999999999858e+01	5.533000000000000418e-02	4.004113978030915399e-01	4.701636406805396850e-24
2.669999999999999929e+01	5.534000000000000030e-02	7.988609440212101065e-01	1.876734599037253732e-23
2.675000000000000000e+01	5.535000000000000336e-02	3.737003261894712991e-01	4.157002681671154648e-24
2.680000000000000071e+01	5.536000000000000643e-02	4.628053639879589065e-01	6.455214038249766673e-24
2.685000000000000142e+01	5.537000000000000255e-02	6.568872752201944110e-01	1.310781833610516544e-23
2.689999999999999858e+01	5.538000000000000561e-02	6.821790158413097993e-01	1.434942729710707217e-23
2.694999999999999929e+01	5.539000000000000173e-02	7.637766961636750507e-01	1.823559101063789722e-23
2.700000000000000000e+01	5.540000000000000480e-02	4.258678785572087566e-01	5.719857051954424184e-24
2.705000000000000071e+01	5.541000000000000092e-02	4.161731354189749377e-01	5.547709527040899946e-24
2.710000000000000142e+01	5.542000000000000398e-02	1.095535051433165208e+00	3.908137285741678583e-23
2.714999999999999858e+01	5.543000000000000010e-02	9.668572393989033342e-01	3.083743418625695327e-23
2.719999999999999929e+01	5.544000000000000317e-02	4.551019088062250306e-01	6.973321435581687098e-24
2.725000000000000000e+01	5.544999999999999929e-02	4.061945890432969719e-01	5.608034248299479340e-24
2.730000000000000071e+01	5.546000000000000235e-02	9.832117251298758687e-01	3.361149908740988264e-23
2.735000000000000142e+01	5.547000000000000541e-02	6.404374005770572253e-01	1.427237818410792984e-23
2.739999999999999858e+01	5.548000000000000154e-02	5.683679754517324545e-01	1.163957148104021478e-23
2.744999999999999929e+01	5.549000000000000460e-02	5.318816996941979625e-01	1.011236556049753133e-23
2.750000000000000000e+01	5.550000000000000072e-02	4.300570679012127862e-01	6.823221128899426183e-24
2.755000000000000071e+01	5.551000000000000378e-02	7.362423734932895814e-01	1.996466317185342415e-23
2.760000000000000142e+01	5.551999999999999991e-02	4.181724816732195205e-01	6.584915098172282773e-24
2.764999999999999858e+01	5.553000000000000297e-02	8.013180251082474559e-01	2.455130273373592619e-23
2.769999999999999929e+01	5.554000000000000603e-02	-1.554740850645063843e-01	9.160885705262059832e-25
2.775000000000000000e+01	5.555000000000000215e-02	5.049623265156742979e-01	1.007396067741915587e-23
2.780000000000000071e+01	5.556000000000000522e-02	1.415303994206178917e+00	7.835490249172655774e-23
2.785000000000000142e+01	5.557000000000000134e-02	6.392308062744341823e-01	1.662779649295680120e-23
2.789999999999999858e+01	5.558000000000000440e-02	3.231916514947569818e-01	4.271762232119826784e-24
2.794999999999999929e+01	5.559000000000000052e-02	4.669549502406321606e-01	9.136523305110189771e-24
2.800000000000000000e+01	5.560000000000000359e-02	5.994868310285624835e-01	1.506267855284544177e-23
2.805000000000000071e+01	5.561000000000000665e-02	6.217115745808496907e-01	1.668271194167322763e-23
2.810000000000000142e+01	5.562000000000000277e-02	6.571136225448643842e-01	1.872788082711468865e-23
2.814999999999999858e+01	5.562999999999999889e-02	5.546157062021666029e-01	1.371888306985476557e-23
2.819999999999999929e+01	5.564000000000000196e-02	4.031407254479065227e-01	7.260750417142849146e-24
2.825000000000000000e+01	5.565000000000000502e-02	2.417733974739415259e-01	2.666895489772240697e-24
2.830000000000000071e+01	5.566000000000000114e-02	9.403998687989024718e-01	4.107161654087407095e-23
2.835000000000000142e+01	5.567000000000000420e-02	8.674398482631100471e-01	3.546419584229936844e-23
2.839999999999999858e+01	5.568000000000000033e-02	5.660720692430809553e-01	1.556278584021066176e-23
2.844999999999999929e+01	5.569000000000000339e-02	7.863047320519903627e-01	3.063054034257016786e-23
2.850000000000000000e+01	5.569999999999999951e-02	6.556722901433449380e-01	2.167907344620857729e-23
2.855000000000000071e+01	5.571000000000000257e-02	8.239347497775042495e-01	3.537566087870620726e-23
2.860000000000000142e+01	5.572000000000000564e-02	6.984610524752141725e-01	2.568053647525072221e-23
2.864999999999999858e+01	5.573000000000000176e-02	1.900965788764105435e-01	1.945645000325926184e-24
2.869999999999999929e+01	5.574000000000000482e-02	2.800239693544330222e-01	4.261150205014353808e-24
2.875000000000000000e+01	5.575000000000000094e-02	2.134272957348436750e-01	2.485340496276969043e-24
2.880000000000000071e+01	5.576000000000000401e-02	5.671894054284688097e-02	1.767784169465885853e-25
2.885000000000000142e+01	5.577000000000000013e-02	-3.237190383359418028e-02	5.752084869867792848e-26
2.889999999999999858e+01	5.578000000000000319e-02	1.072646584171071948e+00	6.569578191533586418e-23
2.894999999999999929e+01	5.579000000000000625e-02	1.037415111982499472e+00	6.111997028779070049e-23
2.900000000000000000e+01	5.580000000000000238e-02	-1.466018763178394968e-02	1.272588872662712591e-26
2.905000000000000071e+01	5.581000000000000544e-02	1.088356507871486058e-02	6.972784994077190251e-27
2.910000000000000142e+01	5.582000000000000156e-02	7.166068068506755706e-01	3.117468606255721320e-23
2.914999999999999858e+01	5.583000000000000462e-02	7.594964750513609753e-01	3.489522512320517659e-23
2.919999999999999929e+01	5.584000000000000075e-02	7.492929255162188440e-01	3.594587037558519670e-23
2.925000000000000000e+01	5.585000000000000381e-02	7.541299030092647460e-01	3.634255758838824712e-23
2.930000000000000071e+01	5.586000000000000687e-02	4.014113003559366954e-01	1.076930855636657506e-23
2.935000000000000142e+01	5.587000000000000299e-02	1.037838444460549514e+00	7.364946843943307865e-23
2.939999999999999858e+01	5.587999999999999912e-02	5.274578382619965478e-01	1.926989045782555388e-23
2.944999999999999929e+01	5.589000000000000218e-02	3.417495710111334573e-01	8.426632910481080102e-24
2.950000000000000000e+01	5.590000000000000524e-02	4.301641571994951896e-01	1.330709135298310679e-23
2.955000000000000071e+01	5.591000000000000136e-02	2.278834438081696889e-01	3.833195228139781350e-24
2.960000000000000142e+01	5.592000000000000443e-02	1.032350600398933338e+00	8.132745439098225594e-23
2.964999999999999858e+01	5.593000000000000055e-02	9.740206943678252349e-01	7.357535050184258376e-23
2.969999999999999929e+01	5.594000000000000361e-02	-6.003332743592779130e-02	2.862708916580726057e-25
2.975000000000000000e+01	5.594999999999999973e-02	7.475262827780752017e-01	4.660528034851745073e-23
2.980000000000000071e+01	5.596000000000000280e-02	1.227910350903832271e+00	1.259354284171085729e-22
2.985000000000000142e+01	5.597000000000000586e-02	-2.750789189531112067e-01	6.440719491248080684e-24
2.989999999999999858e+01	5.598000000000000198e-02	2.988531475073045174e-01	7.974084489530736902e-24
2.994999999999999929e+01	5.599000000000000504e-02	1.042334986694767762e+00	9.568669119643275795e-23
3.000000000000000000e+01	5.600000000000000117e-02	6.230076194349364327e-01	3.613245582693309370e-23
