2.205000000000000071e+01	5.441000000000000003e-02	-2.477344935675981930e+01	1.767554998563347310e-20
2.210000000000000142e+01	5.442000000000000309e-02	2.532721957816407854e-01	1.230246095210415418e-24
2.214999999999999858e+01	5.443000000000000616e-02	8.708257646040491462e-01	1.448290266594578066e-23
2.219999999999999929e+01	5.444000000000000228e-02	2.019490914602898868e-01	7.867922084011989106e-25
2.225000000000000000e+01	5.445000000000000534e-02	-7.689028039050864738e-01	1.130585891102585570e-23
2.230000000000000071e+01	5.446000000000000146e-02	-5.107417618488631073e-01	5.012389693555554499e-24
2.235000000000000142e+01	5.447000000000000453e-02	2.987080921992016913e-01	1.695983013357038048e-24
2.239999999999999858e+01	5.448000000000000065e-02	-7.624305824622445993e-01	1.098855305529129545e-23
2.244999999999999929e+01	5.449000000000000371e-02	2.196295208495638307e-02	9.206546001142798656e-27
2.250000000000000000e+01	5.450000000000000677e-02	7.041177302164359775e-01	9.364957596835243706e-24
2.255000000000000071e+01	5.451000000000000290e-02	-5.975818500857939253e-02	6.812381652036139239e-26
2.260000000000000142e+01	5.452000000000000596e-02	-3.677469335055004174e-01	2.565521605911159967e-24
2.264999999999999858e+01	5.453000000000000208e-02	4.107292085796266368e-01	3.232823669181907703e-24
2.269999999999999929e+01	5.454000000000000514e-02	8.066596042870802785e-01	1.241402675035045977e-23
2.275000000000000000e+01	5.455000000000000127e-02	-2.902177722834929363e-01	1.616566454666883063e-24
2.280000000000000071e+01	5.456000000000000433e-02	-1.183413411661429882e+00	2.658983385439654333e-23
2.285000000000000142e+01	5.457000000000000045e-02	-1.810496672264708395e-01	6.253185126869763132e-25
2.289999999999999858e+01	5.458000000000000351e-02	6.655802315552273862e-01	8.355151448649984298e-24
2.294999999999999929e+01	5.458999999999999964e-02	-5.971942891832411338e-01	6.736145388403090557e-24
2.300000000000000000e+01	5.460000000000000270e-02	8.644949627868706021e-02	1.423151965318581114e-25
2.305000000000000071e+01	5.461000000000000576e-02	7.356434129695862412e-01	1.023966175186130609e-23
2.310000000000000142e+01	5.462000000000000188e-02	1.524217346130372075e-01	4.437664947147015766e-25
2.314999999999999858e+01	5.463000000000000494e-02	-3.085168232889932138e-01	1.810830223733964872e-24
2.319999999999999929e+01	5.464000000000000107e-02	1.186859566929211185e-01	2.700084307383971156e-25
2.325000000000000000e+01	5.465000000000000413e-02	1.812407832091370297e-01	6.239099588251017280e-25
2.330000000000000071e+01	5.466000000000000025e-02	-5.542286104065001773e-01	5.854963884786811305e-24
2.335000000000000142e+01	5.467000000000000332e-02	-7.239684982066719732e-01	9.886520152272439007e-24
2.339999999999999858e+01	5.468000000000000638e-02	9.317446981523677674e-02	1.645006790450812617e-25
2.344999999999999929e+01	5.469000000000000250e-02	6.748512648562894345e-01	8.585138448034157871e-24
2.350000000000000000e+01	5.470000000000000556e-02	-4.900687860682063635e-01	4.527831480707567236e-24
2.355000000000000071e+01	5.471000000000000169e-02	2.051678467985001975e-01	8.024822650429231973e-25
2.360000000000000142e+01	5.472000000000000475e-02	9.440397258965486094e-01	1.689993479976992405e-23
2.364999999999999858e+01	5.473000000000000087e-02	2.639003846285853383e-01	1.335741812335908115e-24
2.369999999999999929e+01	5.474000000000000393e-02	-7.651118618057575205e-01	1.112616484200337859e-23
2.375000000000000000e+01	5.475000000000000006e-02	-5.261991408441289986e-01	5.292689489100511233e-24
2.380000000000000071e+01	5.476000000000000312e-02	2.780606048872671932e-01	1.460361955623040402e-24
2.385000000000000142e+01	5.477000000000000618e-02	-5.894568134913649171e-01	6.547474102797065042e-24
2.389999999999999858e+01	5.478000000000000230e-02	9.460956120208235953e-02	1.698713528066243517e-25
2.394999999999999929e+01	5.479000000000000536e-02	7.505896520233505953e-01	1.063825681710246223e-23
2.400000000000000000e+01	5.480000000000000149e-02	2.374929401562788089e-01	1.074986434328216908e-24
2.405000000000000071e+01	5.481000000000000455e-02	-4.306283372395359188e-01	3.515935063437065278e-24
2.410000000000000142e+01	5.482000000000000067e-02	4.033798442519527794e-01	3.126948664669265660e-24
2.414999999999999858e+01	5.483000000000000373e-02	1.036258143771876528e+00	2.051929912554915112e-23
2.419999999999999929e+01	5.483999999999999986e-02	-1.620527884576098421e-01	5.062451376362622757e-25
2.425000000000000000e+01	5.485000000000000292e-02	-1.028798023438626918e+00	2.022685429944285706e-23
2.430000000000000071e+01	5.486000000000000598e-02	-1.144619061051409120e-01	2.516600599574476604e-25
2.435000000000000142e+01	5.487000000000000210e-02	7.801165556287247282e-01	1.159286404228977473e-23
2.439999999999999858e+01	5.488000000000000517e-02	-3.699219143980980173e-01	2.612164223420888327e-24
2.444999999999999929e+01	5.489000000000000129e-02	2.650624752746617019e-01	1.356509901232810594e-24
2.450000000000000000e+01	5.490000000000000435e-02	7.409798349085926494e-01	1.053118741065438562e-23
2.455000000000000071e+01	5.491000000000000048e-02	3.835517263613615335e-01	2.864481023172443787e-24
2.460000000000000142e+01	5.492000000000000354e-02	-1.249645055654795556e-01	3.019231979762645715e-25
2.464999999999999858e+01	5.493000000000000660e-02	1.656886118287653475e-01	5.384050303694802645e-25
2.469999999999999929e+01	5.494000000000000272e-02	5.454335200326053679e-01	5.783495854668098535e-24
2.475000000000000000e+01	5.495000000000000578e-02	-1.726343740271927829e-01	5.844383562793953689e-25
2.480000000000000071e+01	5.496000000000000191e-02	-3.562605032761315127e-01	2.473507363335462054e-24
2.485000000000000142e+01	5.497000000000000497e-02	4.296815131686559930e-01	3.632871295121317987e-24
2.489999999999999858e+01	5.498000000000000109e-02	7.480013290744550458e-01	1.096024310779065628e-23
2.494999999999999929e+01	5.499000000000000415e-02	-2.967006302261578909e-01	1.735218125936711073e-24
2.500000000000000000e+01	5.500000000000000028e-02	3.612721827983228495e-01	2.594445584323488409e-24
2.505000000000000071e+01	5.501000000000000334e-02	9.593329373163873575e-01	1.830137344431621902e-23
2.510000000000000142e+01	5.501999999999999946e-02	4.485739070727745026e-01	4.043358347985466211e-24
2.514999999999999858e+01	5.503000000000000252e-02	-2.215895291269502354e-01	9.860692774665674631e-25
2.519999999999999929e+01	5.504000000000000559e-02	3.445532466415298159e-03	2.400069534195834255e-28
2.525000000000000000e+01	5.505000000000000171e-02	1.520698045675403509e-01	4.639698764398003507e-25
2.530000000000000071e+01	5.506000000000000477e-02	-1.608804206675620574e-01	5.221518354233396706e-25
2.535000000000000142e+01	5.507000000000000089e-02	-1.254396755625180326e-01	3.158119149890840333e-25
2.539999999999999858e+01	5.508000000000000396e-02	6.795855943493864793e-01	9.382698298862901540e-24
2.544999999999999929e+01	5.509000000000000008e-02	1.273556363877227593e+00	3.306361673532643654e-23
2.550000000000000000e+01	5.510000000000000314e-02	3.894085094888532356e-02	3.110891301455206963e-26
2.555000000000000071e+01	5.511000000000000620e-02	5.129989143507110994e-01	5.497547429633593230e-24
2.560000000000000142e+01	5.512000000000000233e-02	6.001561429371790046e-01	7.454402362532007146e-24
2.564999999999999858e+01	5.513000000000000539e-02	8.420314072264768746e-02	1.493473283030166703e-25
2.569999999999999929e+01	5.514000000000000151e-02	-1.265583536723085822e-01	3.336543747117928260e-25
2.575000000000000000e+01	5.515000000000000457e-02	3.736490128475224437e-01	2.959759623503002856e-24
2.580000000000000071e+01	5.516000000000000070e-02	9.106337346623212259e-01	1.746430919211982888e-23
2.585000000000000142e+01	5.517000000000000376e-02	3.867184072859906063e-01	3.204640923861264417e-24
2.589999999999999858e+01	5.517999999999999988e-02	-3.218681520104210714e-01	2.199833385886167833e-24
2.594999999999999929e+01	5.519000000000000294e-02	7.005030697698132469e-01	1.067970896989859219e-23
2.600000000000000000e+01	5.520000000000000601e-02	1.228280239979645305e+00	3.245087482756372159e-23
2.605000000000000071e+01	5.521000000000000213e-02	-1.819937269827779647e-01	7.262590225414490049e-25
2.610000000000000142e+01	5.522000000000000519e-02	9.944476688254365593e-01	2.196442966305893998e-23
2.614999999999999858e+01	5.523000000000000131e-02	7.099264858634816155e-01	1.113644219626469282e-23
2.619999999999999929e+01	5.524000000000000438e-02	-4.577703488930400799e-01	4.690945706680449667e-24
2.625000000000000000e+01	5.525000000000000050e-02	-5.782890024437365994e-01	7.403550974951736526e-24
2.630000000000000071e+01	5.526000000000000356e-02	2.686314437065259741e-01	1.610888322441719941e-24
2.635000000000000142e+01	5.526999999999999968e-02	1.008608860858139611e+00	2.266459868042395801e-23
2.639999999999999858e+01	5.528000000000000275e-02	5.913444703723750306e-01	7.906190540095724596e-24
2.644999999999999929e+01	5.529000000000000581e-02	1.092964168253081070e-01	2.705686766021519371e-25
2.650000000000000000e+01	5.530000000000000193e-02	1.170551563063209066e+00	3.181461601950218134e-23
2.655000000000000071e+01	5.531000000000000499e-02	4.777101226952056856e-01	5.214554313240350554e-24
2.660000000000000142e+01	5.532000000000000112e-02	-1.875296399646693146e-01	8.289256565777352962e-25
2.664999999999999858e+01	5.533000000000000418e-02	7.302284194672441497e-01	1.240992836042350236e-23
2.669999999999999929e+01	5.534000000000000030e-02	1.547825621581910005e-01	5.644160904737423468e-25
2.675000000000000000e+01	5.535000000000000336e-02	7.674874892912778579e-01	1.402994171432807081e-23
2.680000000000000071e+01	5.536000000000000643e-02	5.757303759291659828e-01	7.898374144135264864e-24
2.685000000000000142e+01	5.537000000000000255e-02	3.702775400283042084e-01	3.324678055465594124e-24
2.689999999999999858e+01	5.538000000000000561e-02	6.350272459587463780e-01	9.794621805818985765e-24
2.694999999999999929e+01	5.539000000000000173e-02	3.187898532972081034e-01	2.491660959746080287e-24
2.700000000000000000e+01	5.540000000000000480e-02	8.197465072736886960e-01	1.670902866574438011e-23
2.705000000000000071e+01	5.541000000000000092e-02	7.374751799384136053e-01	1.356514644002097035e-23
2.710000000000000142e+01	5.542000000000000398e-02	1.239051547385087715e-01	3.876879917294512617e-25
2.714999999999999858e+01	5.543000000000000010e-02	2.142199781413844650e-01	1.162636705700259204e-24
2.719999999999999929e+01	5.544000000000000317e-02	-3.348280578184250067e-01	2.821219910305055877e-24
2.725000000000000000e+01	5.544999999999999929e-02	6.033404421153664154e-01	9.349581523694139230e-24
2.730000000000000071e+01	5.546000000000000235e-02	6.415222753505398501e-01	1.040944301070841575e-23
2.735000000000000142e+01	5.547000000000000541e-02	1.730963753509327796e-01	7.797275156324703653e-25
2.739999999999999858e+01	5.548000000000000154e-02	9.364308104669126775e-01	2.277591358848955204e-23
2.744999999999999929e+01	5.549000000000000460e-02	1.235313754207751025e+00	4.069307922894874941e-23
2.750000000000000000e+01	5.550000000000000072e-02	1.300834144368681722e+00	4.569231628382239604e-23
2.755000000000000071e+01	5.551000000000000378e-02	9.240634164456720812e-02	2.330788501892518726e-25
2.760000000000000142e+01	5.551999999999999991e-02	-6.201208835581082379e-01	1.050907801024406697e-23
2.764999999999999858e+01	5.553000000000000297e-02	6.919604751218282057e-02	1.310742910914790974e-25
2.769999999999999929e+01	5.554000000000000603e-02	3.214494793213700796e-01	2.808752883392268365e-24
2.775000000000000000e+01	5.555000000000000215e-02	1.057412267183426513e+00	3.124208397826332025e-23
2.780000000000000071e+01	5.556000000000000522e-02	8.399623973535008670e-01	1.958382100047690975e-23
2.785000000000000142e+01	5.557000000000000134e-02	2.714647621523423870e-01	2.110195590535999051e-24
2.789999999999999858e+01	5.558000000000000440e-02	7.218827664330318417e-01	1.488690471773204035e-23
2.794999999999999929e+01	5.559000000000000052e-02	2.919312550154439800e-01	2.466415780115623421e-24
2.800000000000000000e+01	5.560000000000000359e-02	4.007148797204124202e-01	4.685309470916328779e-24
2.805000000000000071e+01	5.561000000000000665e-02	3.939423949824895632e-01	4.550409340442175643e-24
2.810000000000000142e+01	5.562000000000000277e-02	5.591872313276586848e-01	9.294367310238913910e-24
2.814999999999999858e+01	5.562999999999999889e-02	6.727692709980130914e-01	1.354902336817996686e-23
2.819999999999999929e+01	5.564000000000000196e-02	1.294175129328432261e+00	5.165204495855556347e-23
2.825000000000000000e+01	5.565000000000000502e-02	9.014276100844200723e-01	2.509852863951259702e-23
2.830000000000000071e+01	5.566000000000000114e-02	-2.939594513867927472e-01	2.719271925438145952e-24
2.835000000000000142e+01	5.567000000000000420e-02	8.174499544948797825e-01	2.138168697328865126e-23
2.839999999999999858e+01	5.568000000000000033e-02	1.380907257836455404e+00	6.139173527507288358e-23
2.844999999999999929e+01	5.569000000000000339e-02	-3.187580495502299049e-01	3.285234142160720700e-24
2.850000000000000000e+01	5.569999999999999951e-02	-3.129003246117001424e-01	3.223806135700846693e-24
2.855000000000000071e+01	5.571000000000000257e-02	6.821867280750414375e-01	1.516400886643207651e-23
2.860000000000000142e+01	5.572000000000000564e-02	6.135913973566069490e-01	1.247800755064754046e-23
2.864999999999999858e+01	5.573000000000000176e-02	2.651264975345818953e-01	2.337413471593137239e-24
2.869999999999999929e+01	5.574000000000000482e-02	3.283313467544788367e-01	3.646993237541996671e-24
2.875000000000000000e+01	5.575000000000000094e-02	1.007342334480747059e+00	3.470466018144124923e-23
2.880000000000000071e+01	5.576000000000000401e-02	6.451516792513001253e-01	1.439049289743340265e-23
2.885000000000000142e+01	5.577000000000000013e-02	7.429574489987511576e-01	1.964293209570382586e-23
2.889999999999999858e+01	5.578000000000000319e-02	-2.076902438600687628e-01	1.506135504329907946e-24
2.894999999999999929e+01	5.579000000000000625e-02	7.798704414817779484e-02	2.206073653820220973e-25
2.900000000000000000e+01	5.580000000000000238e-02	1.317562590053644067e+00	6.219601141789057859e-23
2.905000000000000071e+01	5.581000000000000544e-02	6.761870503685358802e-01	1.688568377884654571e-23
2.910000000000000142e+01	5.582000000000000156e-02	8.393330305876867126e-01	2.656912873347921123e-23
2.914999999999999858e+01	5.583000000000000462e-02	2.240375603037974839e-01	1.894370079856913168e-24
2.919999999999999929e+01	5.584000000000000075e-02	6.872850177653013759e-01	1.850316367717511660e-23
2.925000000000000000e+01	5.585000000000000381e-02	8.018482505935254911e-01	2.489217862128721436e-23
2.930000000000000071e+01	5.586000000000000687e-02	-3.920772615698320807e-01	6.066624944964365255e-24
2.935000000000000142e+01	5.587000000000000299e-02	3.490148687861192589e-01	4.855130448055011394e-24
2.939999999999999858e+01	5.587999999999999912e-02	9.920741247585449507e-01	3.944800934050866124e-23
2.944999999999999929e+01	5.589000000000000218e-02	2.364042335395090122e-01	2.261472247482801087e-24
2.950000000000000000e+01	5.590000000000000524e-02	2.987123797008975901e-01	3.698822865544551179e-24
2.955000000000000071e+01	5.591000000000000136e-02	6.225269668505361009e-01	1.604072279959606074e-23
2.960000000000000142e+01	5.592000000000000443e-02	3.805626926835475876e-01	6.113866460457618794e-24
2.964999999999999858e+01	5.593000000000000055e-02	9.841995846047018048e-01	4.187819602817537273e-23
2.969999999999999929e+01	5.594000000000000361e-02	5.569800865394786138e-01	1.343596827934056982e-23
2.975000000000000000e+01	5.594999999999999973e-02	7.178862194457433787e-01	2.337103053834258354e-23
2.980000000000000071e+01	5.596000000000000280e-02	1.083932650134213249e+00	5.329797341837453386e-23
2.985000000000000142e+01	5.597000000000000586e-02	4.365507957041962483e-01	8.936840707730268193e-24
2.989999999999999858e+01	5.598000000000000198e-02	-5.129302933053317415e-02	1.229558331773849412e-25
2.994999999999999929e+01	5.599000000000000504e-02	6.674064926629366123e-01	2.158892837248906538e-23
3.000000000000000000e+01	5.600000000000000117e-02	7.098133454688640986e-01	2.401222598934805659e-23
