2.205000000000000071e+01	5.441000000000000003e-02	-2.498921606860594835e+01	1.792509252042195392e-20
2.210000000000000142e+01	5.442000000000000309e-02	-6.552159326162526609e-02	8.197110293329688129e-26
2.214999999999999858e+01	5.443000000000000616e-02	7.391706240169491071e-01	1.035938947667540837e-23
2.219999999999999929e+01	5.444000000000000228e-02	2.573281517384775618e-01	1.267478828557518633e-24
2.225000000000000000e+01	5.445000000000000534e-02	-4.517322947330172922e-01	3.883310979870254438e-24
2.230000000000000071e+01	5.446000000000000146e-02	2.684249590454054757e-01	1.388560176489618330e-24
2.235000000000000142e+01	5.447000000000000453e-02	7.659806825774930772e-01	1.121079292524561966e-23
2.239999999999999858e+01	5.448000000000000065e-02	-1.182350886225403519e+00	2.662621233253525376e-23
2.244999999999999929e+01	5.449000000000000371e-02	-5.376411442279355191e-01	5.539362020252772818e-24
2.250000000000000000e+01	5.450000000000000677e-02	5.749491763794594146e-01	6.247131155577684659e-24
2.255000000000000071e+01	5.451000000000000290e-02	5.692815430379351282e-02	6.172144904721419502e-26
2.260000000000000142e+01	5.452000000000000596e-02	-6.572087863418136777e-01	8.154061337784003126e-24
2.264999999999999858e+01	5.453000000000000208e-02	1.091680271829238297e-01	2.274575634144925094e-25
2.269999999999999929e+01	5.454000000000000514e-02	8.841546942386250274e-01	1.480089510720312907e-23
2.275000000000000000e+01	5.455000000000000127e-02	2.860987237368724512e-01	1.570202630341788347e-24
2.280000000000000071e+01	5.456000000000000433e-02	-4.361999431717115683e-01	3.623155438905195273e-24
2.285000000000000142e+01	5.457000000000000045e-02	-1.210873533107272859e-01	2.818688058504684149e-25
2.289999999999999858e+01	5.458000000000000351e-02	1.465654838261881698e-01	4.075334606763866447e-25
2.294999999999999929e+01	5.458999999999999964e-02	-9.629502505600321394e-01	1.757971471595254966e-23
2.300000000000000000e+01	5.460000000000000270e-02	-2.053639508570742622e-02	8.014000894393004385e-27
2.305000000000000071e+01	5.461000000000000576e-02	4.855328208321827987e-01	4.442046432035668825e-24
2.310000000000000142e+01	5.462000000000000188e-02	7.803924941147233341e-02	1.158103968192302624e-25
2.314999999999999858e+01	5.463000000000000494e-02	-4.014885197693957575e-01	3.040578705406464536e-24
2.319999999999999929e+01	5.464000000000000107e-02	1.597537380591253775e-01	4.867997883825216743e-25
2.325000000000000000e+01	5.465000000000000413e-02	9.736745652019805908e-01	1.801470151655044172e-23
2.330000000000000071e+01	5.466000000000000025e-02	2.692846542744373739e-01	1.390829697716817804e-24
2.335000000000000142e+01	5.467000000000000332e-02	-8.699365338388670432e-01	1.439957546739350018e-23
2.339999999999999858e+01	5.468000000000000638e-02	-5.939935588760274499e-01	6.739069045841119512e-24
2.344999999999999929e+01	5.469000000000000250e-02	1.349664938344196097e-01	3.433467278471053787e-25
2.350000000000000000e+01	5.470000000000000556e-02	-7.831837239116358207e-01	1.151117469638810776e-23
2.355000000000000071e+01	5.471000000000000169e-02	7.825631162536429708e-02	1.157446132797128509e-25
2.360000000000000142e+01	5.472000000000000475e-02	8.903117336781969371e-01	1.489602516259931164e-23
2.364999999999999858e+01	5.473000000000000087e-02	3.170755212533118983e-01	1.909790134137164805e-24
2.369999999999999929e+01	5.474000000000000393e-02	-3.642368151735405069e-01	2.509898896187110066e-24
2.375000000000000000e+01	5.475000000000000006e-02	3.561894977264604134e-01	2.430995384216185320e-24
2.380000000000000071e+01	5.476000000000000312e-02	8.507531708526401282e-01	1.377880356429399229e-23
2.385000000000000142e+01	5.477000000000000618e-02	-9.344633685533130230e-01	1.660832087132542007e-23
2.389999999999999858e+01	5.478000000000000230e-02	-5.152235026829226072e-01	5.075316639303412927e-24
2.394999999999999929e+01	5.479000000000000536e-02	4.854533939059555991e-01	4.456457239503599835e-24
2.400000000000000000e+01	5.480000000000000149e-02	-2.413929752453606789e-02	1.106386597620414858e-26
2.405000000000000071e+01	5.481000000000000455e-02	-4.605032627994183336e-01	4.011420333619397638e-24
2.410000000000000142e+01	5.482000000000000067e-02	3.409832922544192013e-01	2.216623220729961855e-24
2.414999999999999858e+01	5.483000000000000373e-02	8.481280379011606474e-01	1.367472575962527565e-23
2.419999999999999929e+01	5.483999999999999986e-02	3.974169863357572274e-01	3.039887493602195456e-24
2.425000000000000000e+01	5.485000000000000292e-02	-2.345743888578288860e-01	1.054327434174313231e-24
2.430000000000000071e+01	5.486000000000000598e-02	1.251601099062753519e-01	3.035582546008702426e-25
2.435000000000000142e+01	5.487000000000000210e-02	2.031912044933052996e-01	7.907660612265779477e-25
2.439999999999999858e+01	5.488000000000000517e-02	-1.033754450298852712e+00	2.046662774233998448e-23
2.444999999999999929e+01	5.489000000000000129e-02	1.698962231166331049e-01	5.555206134918271993e-25
2.450000000000000000e+01	5.490000000000000435e-02	8.877702802959469564e-01	1.506575495138474435e-23
2.455000000000000071e+01	5.491000000000000048e-02	3.048805871695310366e-01	1.799992137164293674e-24
2.460000000000000142e+01	5.492000000000000354e-02	-3.510206316158658857e-01	2.371680115916888441e-24
2.464999999999999858e+01	5.493000000000000660e-02	3.942055972624072258e-01	3.036855423875092993e-24
2.469999999999999929e+01	5.494000000000000272e-02	1.145389034049089760e+00	2.551546580551460350e-23
2.475000000000000000e+01	5.495000000000000578e-02	4.237954766318338118e-01	3.547891322753281951e-24
2.480000000000000071e+01	5.496000000000000191e-02	-3.584761722243915982e-01	2.525116574249803756e-24
2.485000000000000142e+01	5.497000000000000497e-02	-3.124806479482877819e-01	1.931712254436112947e-24
2.489999999999999858e+01	5.498000000000000109e-02	4.724458736795880132e-01	4.392571675452301547e-24
2.494999999999999929e+01	5.499000000000000415e-02	-2.170641720277667608e-01	9.256237671251085934e-25
2.500000000000000000e+01	5.500000000000000028e-02	1.064053368012512490e-01	2.245244173936637923e-25
2.505000000000000071e+01	5.501000000000000334e-02	3.264488712565424278e-01	2.096599474618440194e-24
2.510000000000000142e+01	5.501999999999999946e-02	2.794310515782941762e-01	1.556379700936664191e-24
2.514999999999999858e+01	5.503000000000000252e-02	3.498439652862316285e-01	2.429521024419951917e-24
2.519999999999999929e+01	5.504000000000000559e-02	1.040762341476041630e+00	2.197781712591770878e-23
2.525000000000000000e+01	5.505000000000000171e-02	1.069646382348946378e+00	2.314848665362616019e-23
2.530000000000000071e+01	5.506000000000000477e-02	-4.060582644902286376e-01	3.374299683140119387e-24
2.535000000000000142e+01	5.507000000000000089e-02	-9.458105192601178324e-01	1.812893311369042025e-23
2.539999999999999858e+01	5.508000000000000396e-02	-1.605178998716374761e-01	5.232507706537153156e-25
2.544999999999999929e+01	5.509000000000000008e-02	9.814208139920512775e-01	1.952921281531360563e-23
2.550000000000000000e+01	5.510000000000000314e-02	-7.254759595092664763e-03	1.066407584021316320e-27
2.555000000000000071e+01	5.511000000000000620e-02	3.713765943428481986e-01	2.848344210875362798e-24
2.560000000000000142e+01	5.512000000000000233e-02	1.219789350477674006e+00	3.065055535852181845e-23
2.564999999999999858e+01	5.513000000000000539e-02	7.114406695752300003e-01	1.061076816215266198e-23
2.569999999999999929e+01	5.514000000000000151e-02	-2.756687849197959617e-01	1.585867626180683993e-24
2.575000000000000000e+01	5.515000000000000457e-02	1.394761915958477316e-01	4.126932794370074458e-25
2.580000000000000071e+01	5.516000000000000070e-02	1.355298393338030705e+00	3.891664097035030155e-23
2.585000000000000142e+01	5.517000000000000376e-02	2.189200704641205419e-01	1.021860426010385532e-24
2.589999999999999858e+01	5.517999999999999988e-02	-7.390310656140350876e-01	1.167178823602850251e-23
2.594999999999999929e+01	5.519000000000000294e-02	4.689323579138271469e-01	4.734566450031157795e-24
2.600000000000000000e+01	5.520000000000000601e-02	1.017811677333946507e+00	2.222658178475900195e-23
2.605000000000000071e+01	5.521000000000000213e-02	2.300746557801278402e-01	1.151162518016679557e-24
2.610000000000000142e+01	5.522000000000000519e-02	5.209229119775512507e-01	5.951828703347487801e-24
2.614999999999999858e+01	5.523000000000000131e-02	7.122528314377568615e-01	1.118392375797999165e-23
2.619999999999999929e+01	5.524000000000000438e-02	7.002131267826116057e-01	1.094740009303281875e-23
2.625000000000000000e+01	5.525000000000000050e-02	-8.350862000672285013e-02	1.551553220360307030e-25
2.630000000000000071e+01	5.526000000000000356e-02	-7.800760383425586753e-02	1.371221117900644358e-25
2.635000000000000142e+01	5.526999999999999968e-02	6.107377006984285872e-01	8.363590733906896311e-24
2.639999999999999858e+01	5.528000000000000275e-02	5.279779340447932068e-01	6.323842714922675443e-24
2.644999999999999929e+01	5.529000000000000581e-02	-1.456497614424717146e-01	4.789484996449961086e-25
2.650000000000000000e+01	5.530000000000000193e-02	9.288015534524336481e-01	2.000581409232010662e-23
2.655000000000000071e+01	5.531000000000000499e-02	1.522886671095748934e+00	5.346122771745444808e-23
2.660000000000000142e+01	5.532000000000000112e-02	2.875077431476377177e-01	1.953058152568802231e-24
2.664999999999999858e+01	5.533000000000000418e-02	-2.402877099197334720e-01	1.357171681060837420e-24
2.669999999999999929e+01	5.534000000000000030e-02	9.374151181294543278e-01	2.116566504295531716e-23
2.675000000000000000e+01	5.535000000000000336e-02	7.053276319705449326e-01	1.177860949704292631e-23
2.680000000000000071e+01	5.536000000000000643e-02	-6.700331961576136974e-01	1.085896513086905108e-23
2.685000000000000142e+01	5.537000000000000255e-02	5.895835525020822754e-01	8.399015565583576289e-24
2.689999999999999858e+01	5.538000000000000561e-02	8.978870681096196016e-01	1.957140528160471028e-23
2.694999999999999929e+01	5.539000000000000173e-02	4.489302737364553320e-01	4.951071736315108825e-24
2.700000000000000000e+01	5.540000000000000480e-02	5.152042731130217490e-01	6.591800572764464995e-24
2.705000000000000071e+01	5.541000000000000092e-02	1.083748945815150022e-01	2.911451754696754826e-25
2.710000000000000142e+01	5.542000000000000398e-02	4.635782566135213112e-01	5.423307777208048944e-24
2.714999999999999858e+01	5.543000000000000010e-02	9.201144975740572773e-01	2.134413857996309692e-23
2.719999999999999929e+01	5.544000000000000317e-02	4.986101732688936194e-01	6.375378554513121376e-24
2.725000000000000000e+01	5.544999999999999929e-02	9.397970024363467845e-01	2.297283206044308314e-23
2.730000000000000071e+01	5.546000000000000235e-02	3.134876931893338381e-01	2.554963727356065097e-24
2.735000000000000142e+01	5.547000000000000541e-02	-4.137347139991711525e-02	4.521260390061722107e-26
2.739999999999999858e+01	5.548000000000000154e-02	3.363590961472175955e-01	2.974282965825773324e-24
2.744999999999999929e+01	5.549000000000000460e-02	8.251721693066229601e-01	1.823282807452215237e-23
2.750000000000000000e+01	5.550000000000000072e-02	3.819010806572226691e-01	3.882233463123568471e-24
2.755000000000000071e+01	5.551000000000000378e-02	2.750963818604802436e-01	2.066198353362174631e-24
2.760000000000000142e+01	5.551999999999999991e-02	1.586998835980236944e+00	6.943488544047048060e-23
2.764999999999999858e+01	5.553000000000000297e-02	1.061150559498454271e+00	3.149853754036911580e-23
2.769999999999999929e+01	5.554000000000000603e-02	-4.409367578239093977e-01	5.472283078949074251e-24
2.775000000000000000e+01	5.555000000000000215e-02	-3.819974258762077191e-01	4.132897589329395031e-24
2.780000000000000071e+01	5.556000000000000522e-02	6.020994813331612683e-01	1.023410326538649571e-23
2.785000000000000142e+01	5.557000000000000134e-02	9.125982962751585381e-01	2.382380565978532082e-23
2.789999999999999858e+01	5.558000000000000440e-02	7.423218619089477777e-01	1.595244825822531107e-23
2.794999999999999929e+01	5.559000000000000052e-02	8.383994491403734192e-03	2.045848334932822344e-27
2.800000000000000000e+01	5.560000000000000359e-02	4.330544962495143646e-01	5.552532314627838875e-24
2.805000000000000071e+01	5.561000000000000665e-02	8.136812638287801436e-01	1.957757128415919320e-23
2.810000000000000142e+01	5.562000000000000277e-02	2.614993689420834766e-01	2.052220974509053443e-24
2.814999999999999858e+01	5.562999999999999889e-02	2.439259206856331241e-01	1.796046591928040465e-24
2.819999999999999929e+01	5.564000000000000196e-02	6.160641975740682730e-01	1.159028123294391403e-23
2.825000000000000000e+01	5.565000000000000502e-02	1.793283699227034844e-01	9.789098095141144609e-25
2.830000000000000071e+01	5.566000000000000114e-02	9.491224602127175114e-01	2.839871599934076550e-23
2.835000000000000142e+01	5.567000000000000420e-02	9.317860370167526662e-01	2.702879235773851854e-23
2.839999999999999858e+01	5.568000000000000033e-02	1.156979454284433884e-01	4.314161312701364121e-25
2.844999999999999929e+01	5.569000000000000339e-02	8.341053049412158193e-01	2.246562911037061217e-23
2.850000000000000000e+01	5.569999999999999951e-02	7.579756094154252999e-01	1.886442791922221364e-23
2.855000000000000071e+01	5.571000000000000257e-02	4.362044682176850485e-01	6.312818512716662840e-24
2.860000000000000142e+01	5.572000000000000564e-02	1.355609172608473467e-01	6.151366036645363447e-25
2.864999999999999858e+01	5.573000000000000176e-02	2.764091044082108151e-01	2.574506315753367556e-24
2.869999999999999929e+01	5.574000000000000482e-02	1.065285125789355414e+00	3.901477272596979402e-23
2.875000000000000000e+01	5.575000000000000094e-02	6.781216178205470291e-01	1.582812164438286224e-23
2.880000000000000071e+01	5.576000000000000401e-02	7.985816732905447191e-02	2.249862517461116602e-25
2.885000000000000142e+01	5.577000000000000013e-02	3.250213515820561949e-01	3.719607822328660097e-24
2.889999999999999858e+01	5.578000000000000319e-02	6.360484508729420394e-01	1.451158681420138749e-23
2.894999999999999929e+01	5.579000000000000625e-02	8.208367000718763684e-01	2.436509414729367620e-23
2.900000000000000000e+01	5.580000000000000238e-02	4.676876719591315790e-01	8.052887198785359441e-24
2.905000000000000071e+01	5.581000000000000544e-02	1.059990031042364000e+00	4.250950270074830119e-23
2.910000000000000142e+01	5.582000000000000156e-02	9.941122233706988220e-01	3.770308583011708596e-23
2.914999999999999858e+01	5.583000000000000462e-02	-2.195823328428883614e-01	1.862246055048120990e-24
2.919999999999999929e+01	5.584000000000000075e-02	7.333669982474749771e-01	2.142926913862361533e-23
2.925000000000000000e+01	5.585000000000000381e-02	6.242404962116410161e-01	1.520461087525872564e-23
2.930000000000000071e+01	5.586000000000000687e-02	-2.717338386922717453e-01	2.977108121885374882e-24
2.935000000000000142e+01	5.587000000000000299e-02	5.361953356973664375e-01	1.155518230688020919e-23
2.939999999999999858e+01	5.587999999999999912e-02	5.070953074874684496e-01	1.043175639389222654e-23
2.944999999999999929e+01	5.589000000000000218e-02	4.124897975579478945e-03	6.934982054835215199e-28
2.950000000000000000e+01	5.590000000000000524e-02	1.195480546676425337e+00	6.067587618045871887e-23
2.955000000000000071e+01	5.591000000000000136e-02	1.309755434618441461e+00	7.242596680453692806e-23
2.960000000000000142e+01	5.592000000000000443e-02	3.090972178399374326e-01	4.227308978301660848e-24
2.964999999999999858e+01	5.593000000000000055e-02	1.982682560077477230e-01	1.729393238055509828e-24
2.969999999999999929e+01	5.594000000000000361e-02	1.055338954860534084e-01	4.985802466536480177e-25
2.975000000000000000e+01	5.594999999999999973e-02	4.175841371952653258e-01	7.805820393941096143e-24
2.980000000000000071e+01	5.596000000000000280e-02	5.813422165935453467e-01	1.543022979682371163e-23
2.985000000000000142e+01	5.597000000000000586e-02	9.350695267828078583e-01	4.070136478908845853e-23
2.989999999999999858e+01	5.598000000000000198e-02	3.197556384302484012e-01	4.792155476128698950e-24
2.994999999999999929e+01	5.599000000000000504e-02	1.752554964830210504e-01	1.477427998653734724e-24
3.000000000000000000e+01	5.600000000000000117e-02	4.747702465331385957e-01	1.081761603852428488e-23
