2.205000000000000071e+01	5.441000000000000003e-02	-2.682968578850381292e+01	2.182366272536352104e-20
2.210000000000000142e+01	5.442000000000000309e-02	2.090697079338829090e-01	8.373171507232239072e-25
2.214999999999999858e+01	5.443000000000000616e-02	8.302386078177664830e-01	1.315293562267895239e-23
2.219999999999999929e+01	5.444000000000000228e-02	3.024201064381942805e-01	1.763615986709222990e-24
2.225000000000000000e+01	5.445000000000000534e-02	-5.628464350792192761e-01	6.065784832300767642e-24
2.230000000000000071e+01	5.446000000000000146e-02	-4.372237814268835621e-01	3.679873241132207808e-24
2.235000000000000142e+01	5.447000000000000453e-02	8.115010053988419569e-02	1.253107618879486125e-25
2.239999999999999858e+01	5.448000000000000065e-02	-8.433672517638637345e-01	1.346816507623713816e-23
2.244999999999999929e+01	5.449000000000000371e-02	8.299288090846818067e-02	1.313432683984318612e-25
2.250000000000000000e+01	5.450000000000000677e-02	6.883313888198152597e-01	8.953773853216555645e-24
2.255000000000000071e+01	5.451000000000000290e-02	2.462168615849831196e-02	1.157611726658212439e-26
2.260000000000000142e+01	5.452000000000000596e-02	-4.737886222187540075e-01	4.253705732383138769e-24
2.264999999999999858e+01	5.453000000000000208e-02	2.754859874122118635e-01	1.454815260982203619e-24
2.269999999999999929e+01	5.454000000000000514e-02	9.335700835195301917e-01	1.661356902282150075e-23
2.275000000000000000e+01	5.455000000000000127e-02	3.096603669139062417e-02	1.845440545769678891e-26
2.280000000000000071e+01	5.456000000000000433e-02	-1.110909201275190661e+00	2.347159149242749945e-23
2.285000000000000142e+01	5.457000000000000045e-02	-4.524188651452022980e-01	3.917849311416905380e-24
2.289999999999999858e+01	5.458000000000000351e-02	5.591726506963430321e-01	5.904686663215638647e-24
2.294999999999999929e+01	5.458999999999999964e-02	-7.067288442324983766e-01	9.419364394844123446e-24
2.300000000000000000e+01	5.460000000000000270e-02	6.151838099338741150e-02	7.203785886954633152e-26
2.305000000000000071e+01	5.461000000000000576e-02	8.190715439862937819e-01	1.267023167671132511e-23
2.310000000000000142e+01	5.462000000000000188e-02	6.468393639498172532e-02	7.977156645784321421e-26
2.314999999999999858e+01	5.463000000000000494e-02	-3.687383905375650750e-01	2.582683182090906435e-24
2.319999999999999929e+01	5.464000000000000107e-02	3.399042155635194629e-01	2.214286509839000176e-24
2.325000000000000000e+01	5.465000000000000413e-02	6.306984691109466246e-01	7.581277107724519317e-24
2.330000000000000071e+01	5.466000000000000025e-02	-4.904649886461166508e-01	4.601454834956466726e-24
2.335000000000000142e+01	5.467000000000000332e-02	-1.103182263452380685e+00	2.305549710591503564e-23
2.339999999999999858e+01	5.468000000000000638e-02	-2.040534803011811310e-02	7.912448698476744401e-27
2.344999999999999929e+01	5.469000000000000250e-02	5.501651165692280632e-01	5.693615454760313767e-24
2.350000000000000000e+01	5.470000000000000556e-02	-5.891049033027309090e-01	6.543786299548151579e-24
2.355000000000000071e+01	5.471000000000000169e-02	2.373040089439150679e-01	1.069982300964131010e-24
2.360000000000000142e+01	5.472000000000000475e-02	7.116287359770061549e-01	9.563830310138352304e-24
2.364999999999999858e+01	5.473000000000000087e-02	2.016430981281772949e-01	7.769314852768201827e-25
2.369999999999999929e+01	5.474000000000000393e-02	-2.349036394382287007e-01	1.048446019351741610e-24
2.375000000000000000e+01	5.475000000000000006e-02	5.466852919070985806e-02	5.729618767427145368e-26
2.380000000000000071e+01	5.476000000000000312e-02	1.277229808982910941e-01	3.095334167970285617e-25
2.385000000000000142e+01	5.477000000000000618e-02	-1.024416976335751794e+00	1.987048792974507053e-23
2.389999999999999858e+01	5.478000000000000230e-02	2.179563273763686707e-02	9.031097507217110471e-27
2.394999999999999929e+01	5.479000000000000536e-02	8.001025680299733711e-01	1.208636564200763932e-23
2.400000000000000000e+01	5.480000000000000149e-02	2.059708509516983699e-01	8.088800129275667565e-25
2.405000000000000071e+01	5.481000000000000455e-02	-4.728390856829547406e-01	4.238783846408995721e-24
2.410000000000000142e+01	5.482000000000000067e-02	1.583891434541319088e-01	4.805752921348528427e-25
2.414999999999999858e+01	5.483000000000000373e-02	1.083626377411581077e+00	2.243852638835024142e-23
2.419999999999999929e+01	5.483999999999999986e-02	5.234848874021422738e-01	5.296120612473057363e-24
2.425000000000000000e+01	5.485000000000000292e-02	-6.202768726868510551e-01	7.395918156834872533e-24
2.430000000000000071e+01	5.486000000000000598e-02	-4.718486241184207119e-01	4.305718755778006536e-24
2.435000000000000142e+01	5.487000000000000210e-02	3.115470659498775219e-01	1.858366724040002427e-24
2.439999999999999858e+01	5.488000000000000517e-02	-3.875798014437002448e-01	2.872959891283464957e-24
2.444999999999999929e+01	5.489000000000000129e-02	2.964890618616236040e-01	1.696361120156434793e-24
2.450000000000000000e+01	5.490000000000000435e-02	8.982188020686776575e-01	1.553272452770122252e-23
2.455000000000000071e+01	5.491000000000000048e-02	3.204307122627807480e-01	1.997369610218681227e-24
2.460000000000000142e+01	5.492000000000000354e-02	-1.889488612709052384e-01	6.936898408271484420e-25
2.464999999999999858e+01	5.493000000000000660e-02	6.203318745141925827e-01	7.578920974414193309e-24
2.469999999999999929e+01	5.494000000000000272e-02	8.332011259171542283e-01	1.360352731044899183e-23
2.475000000000000000e+01	5.495000000000000578e-02	6.189394170825220781e-02	7.613306476039076235e-26
2.480000000000000071e+01	5.496000000000000191e-02	-4.017130632993343720e-01	3.180118244622911683e-24
2.485000000000000142e+01	5.497000000000000497e-02	-2.274439168406190981e-01	1.025820952707833207e-24
2.489999999999999858e+01	5.498000000000000109e-02	5.550988525143512042e-01	6.084636675266924644e-24
2.494999999999999929e+01	5.499000000000000415e-02	1.839191943525369244e-01	6.703875665028906966e-25
2.500000000000000000e+01	5.500000000000000028e-02	5.243706878504226232e-01	5.508160101471011870e-24
2.505000000000000071e+01	5.501000000000000334e-02	5.386556177925734268e-01	5.806004870361412721e-24
2.510000000000000142e+01	5.501999999999999946e-02	6.183907685980468694e-01	7.779323905135474743e-24
2.514999999999999858e+01	5.503000000000000252e-02	4.993879194169820734e-01	5.060493076119053969e-24
2.519999999999999929e+01	5.504000000000000559e-02	3.257092150833259536e-01	2.186046760560041643e-24
2.525000000000000000e+01	5.505000000000000171e-02	4.396593812109977906e-01	3.972783436278034097e-24
2.530000000000000071e+01	5.506000000000000477e-02	-1.932009225055008050e-01	7.705587755449475495e-25
2.535000000000000142e+01	5.507000000000000089e-02	-4.450249078320109852e-01	4.070043628782510946e-24
2.539999999999999858e+01	5.508000000000000396e-02	8.305854459273592783e-01	1.436753660986963077e-23
2.544999999999999929e+01	5.509000000000000008e-02	1.149183432907955105e+00	2.740495211327755229e-23
2.550000000000000000e+01	5.510000000000000314e-02	-1.247481659897857614e-01	3.272856397706746823e-25
2.555000000000000071e+01	5.511000000000000620e-02	3.160755083317392522e-01	2.115731798003281880e-24
2.560000000000000142e+01	5.512000000000000233e-02	8.546292057848379198e-01	1.551921220189576195e-23
2.564999999999999858e+01	5.513000000000000539e-02	1.370123569957158116e+00	4.072133930422885431e-23
2.569999999999999929e+01	5.514000000000000151e-02	-2.608052496082683899e-02	1.462255626874472544e-26
2.575000000000000000e+01	5.515000000000000457e-02	-4.074520062492812955e-01	3.651330360182345383e-24
2.580000000000000071e+01	5.516000000000000070e-02	6.551622127383910366e-01	9.311043294074063466e-24
2.585000000000000142e+01	5.517000000000000376e-02	4.720754503836401272e-01	4.906026183218587016e-24
2.589999999999999858e+01	5.517999999999999988e-02	1.410606086920731805e-01	4.366031288787591894e-25
2.594999999999999929e+01	5.519000000000000294e-02	-1.859681668803964405e-01	7.645201276956389934e-25
2.600000000000000000e+01	5.520000000000000601e-02	8.468104015862591982e-01	1.596315329291304838e-23
2.605000000000000071e+01	5.521000000000000213e-02	2.844336486125149110e-01	1.791012973228080498e-24
2.610000000000000142e+01	5.522000000000000519e-02	9.421134382477982516e-01	2.029088218113863456e-23
2.614999999999999858e+01	5.523000000000000131e-02	1.097188514724854125e+00	2.720003918139800318e-23
2.619999999999999929e+01	5.524000000000000438e-02	3.259799502094126167e-01	2.476379390158393763e-24
2.625000000000000000e+01	5.525000000000000050e-02	2.116861705014848050e-01	1.032525958096284567e-24
2.630000000000000071e+01	5.526000000000000356e-02	5.758825761422387002e-02	7.774264514739397299e-26
2.635000000000000142e+01	5.526999999999999968e-02	9.817315190138334868e-01	2.261759140419870046e-23
2.639999999999999858e+01	5.528000000000000275e-02	2.845551330693558145e-01	1.908185445417857777e-24
2.644999999999999929e+01	5.529000000000000581e-02	8.565147082333400552e-02	1.750289493196876997e-25
2.650000000000000000e+01	5.530000000000000193e-02	5.724238638743598395e-01	7.825777116266660574e-24
2.655000000000000071e+01	5.531000000000000499e-02	8.608702141083092174e-01	1.794814862560852061e-23
2.660000000000000142e+01	5.532000000000000112e-02	7.353176228232944922e-01	1.318380824303646077e-23
2.664999999999999858e+01	5.533000000000000418e-02	1.676885521381971944e-01	6.922864855084677610e-25
2.669999999999999929e+01	5.534000000000000030e-02	8.375131058995798350e-01	1.754441818472775775e-23
2.675000000000000000e+01	5.535000000000000336e-02	6.389860193869630889e-01	1.018507142438785080e-23
2.680000000000000071e+01	5.536000000000000643e-02	4.067874511685918848e-01	4.224969231644998253e-24
2.685000000000000142e+01	5.537000000000000255e-02	8.812805095600996230e-01	1.986778302621023984e-23
2.689999999999999858e+01	5.538000000000000561e-02	4.429203446516080112e-01	5.081087036245665349e-24
2.694999999999999929e+01	5.539000000000000173e-02	5.449072577634294090e-01	7.781354050198548218e-24
2.700000000000000000e+01	5.540000000000000480e-02	2.782422806442300112e-01	2.029986064131795558e-24
2.705000000000000071e+01	5.541000000000000092e-02	5.143825743948519102e-01	7.062331906755186971e-24
2.710000000000000142e+01	5.542000000000000398e-02	7.940133909287280245e-01	1.684186034369272316e-23
2.714999999999999858e+01	5.543000000000000010e-02	5.358296251245369540e-02	7.740198630399737707e-26
2.719999999999999929e+01	5.544000000000000317e-02	-4.012322463555990232e-02	4.357815989272077400e-26
2.725000000000000000e+01	5.544999999999999929e-02	7.939260428822432214e-01	1.725141908370165328e-23
2.730000000000000071e+01	5.546000000000000235e-02	1.116523787153830494e+00	3.440487685155914772e-23
2.735000000000000142e+01	5.547000000000000541e-02	6.714149357410219565e-01	1.267046843099726558e-23
2.739999999999999858e+01	5.548000000000000154e-02	4.563589771669899764e-01	5.915293468030352541e-24
2.744999999999999929e+01	5.549000000000000460e-02	8.478624702690622517e-01	2.078646193093873600e-23
2.750000000000000000e+01	5.550000000000000072e-02	5.723159311352402634e-01	9.484684478599777779e-24
2.755000000000000071e+01	5.551000000000000378e-02	1.788732575570963212e-01	9.434355528978675802e-25
2.760000000000000142e+01	5.551999999999999991e-02	6.680703404229528797e-01	1.323512071445376122e-23
2.764999999999999858e+01	5.553000000000000297e-02	3.749992518460700808e-01	4.191326859614520495e-24
2.769999999999999929e+01	5.554000000000000603e-02	1.635167505251637621e-01	8.058481428904238664e-25
2.775000000000000000e+01	5.555000000000000215e-02	8.910950950901304068e-01	2.426724127134567153e-23
2.780000000000000071e+01	5.556000000000000522e-02	4.928140856484755639e-01	7.415822763951441664e-24
2.785000000000000142e+01	5.557000000000000134e-02	-2.676088888332524979e-02	2.226923247848247183e-26
2.789999999999999858e+01	5.558000000000000440e-02	3.423166013889140102e-01	3.638698453723000554e-24
2.794999999999999929e+01	5.559000000000000052e-02	9.699196406647755397e-01	2.982807765501373056e-23
2.800000000000000000e+01	5.560000000000000359e-02	1.085504669620389162e+00	3.768549026291376057e-23
2.805000000000000071e+01	5.561000000000000665e-02	6.314596089471183893e-01	1.307581198338233696e-23
2.810000000000000142e+01	5.562000000000000277e-02	7.866531971379323585e-01	2.059553554959975545e-23
2.814999999999999858e+01	5.562999999999999889e-02	1.804027993586135026e-01	1.086074012460243033e-24
2.819999999999999929e+01	5.564000000000000196e-02	-4.041657309347587018e-02	5.525716891457069073e-26
2.825000000000000000e+01	5.565000000000000502e-02	9.798328121375579070e-01	3.287254650645196093e-23
2.830000000000000071e+01	5.566000000000000114e-02	8.816091196369558736e-01	2.679137917330169389e-23
2.835000000000000142e+01	5.567000000000000420e-02	4.112551910987483628e-01	5.975804048678841035e-24
2.839999999999999858e+01	5.568000000000000033e-02	3.568541693447560559e-01	4.514740532697723722e-24
2.844999999999999929e+01	5.569000000000000339e-02	-4.068947556220213202e-01	5.850339867107371623e-24
2.850000000000000000e+01	5.569999999999999951e-02	9.557052867328340584e-01	3.339524050689063482e-23
2.855000000000000071e+01	5.571000000000000257e-02	1.270735334770095593e+00	5.822621397977230464e-23
2.860000000000000142e+01	5.572000000000000564e-02	-5.500374182314218263e-01	1.116829348464108469e-23
2.864999999999999858e+01	5.573000000000000176e-02	1.616746989150378011e-01	9.750142259376655354e-25
2.869999999999999929e+01	5.574000000000000482e-02	1.643762900876759803e+00	1.024579923743071950e-22
2.875000000000000000e+01	5.575000000000000094e-02	1.257111283058769846e+00	6.105384258184785286e-23
2.880000000000000071e+01	5.576000000000000401e-02	2.861517555541744362e-01	3.257790913584645000e-24
2.885000000000000142e+01	5.577000000000000013e-02	4.434425478933942122e-01	7.931417910834848186e-24
2.889999999999999858e+01	5.578000000000000319e-02	2.636110265768970562e-01	2.804246200789045773e-24
2.894999999999999929e+01	5.579000000000000625e-02	6.268180290952330980e-01	1.629984887567959435e-23
2.900000000000000000e+01	5.580000000000000238e-02	8.866453175494874994e-01	3.270245631032234017e-23
2.905000000000000071e+01	5.581000000000000544e-02	2.377834916805589838e-01	2.400640108139723401e-24
2.910000000000000142e+01	5.582000000000000156e-02	6.210846172852766411e-01	1.671545187570569682e-23
2.914999999999999858e+01	5.583000000000000462e-02	-7.398646624644265868e-02	2.334523719763607200e-25
2.919999999999999929e+01	5.584000000000000075e-02	3.276925842210163253e-01	4.777837514690281249e-24
2.925000000000000000e+01	5.585000000000000381e-02	8.241473849018745579e-01	2.957364824853929052e-23
2.930000000000000071e+01	5.586000000000000687e-02	3.800613166070337390e-01	6.557782393854859521e-24
2.935000000000000142e+01	5.587000000000000299e-02	5.508693936147637249e-01	1.373365250641666269e-23
2.939999999999999858e+01	5.587999999999999912e-02	4.285832285890722182e-01	8.536882602086885553e-24
2.944999999999999929e+01	5.589000000000000218e-02	1.142204560887976506e+00	6.204915440774743843e-23
2.950000000000000000e+01	5.590000000000000524e-02	5.649284443877143902e-01	1.527564424882501157e-23
2.955000000000000071e+01	5.591000000000000136e-02	-2.152953460627438365e-01	2.266416527377491171e-24
2.960000000000000142e+01	5.592000000000000443e-02	6.710695254640368645e-01	2.238083891581193072e-23
2.964999999999999858e+01	5.593000000000000055e-02	1.352421341541904187e+00	9.266220562110460562e-23
2.969999999999999929e+01	5.594000000000000361e-02	6.436703292849454972e-01	2.145650443640869646e-23
2.975000000000000000e+01	5.594999999999999973e-02	-9.461070406344345152e-01	4.592258000260906771e-23
2.980000000000000071e+01	5.596000000000000280e-02	-2.180297264740840013e-01	2.495421945119298213e-24
2.985000000000000142e+01	5.597000000000000586e-02	7.999924355053622538e-01	3.268075260128566261e-23
2.989999999999999858e+01	5.598000000000000198e-02	7.208328736540591253e-01	2.772625437364643192e-23
2.994999999999999929e+01	5.599000000000000504e-02	8.714437305187201499e-01	4.092027800768477685e-23
3.000000000000000000e+01	5.600000000000000117e-02	2.253302139729513043e-01	2.794756498561735989e-24
