2.205000000000000071e+01	5.441000000000000003e-02	-3.795538175415781268e+01	6.556410755461185369e-20
2.210000000000000142e+01	5.442000000000000309e-02	1.832970878427635231e-01	6.507881485726328746e-25
2.214999999999999858e+01	5.443000000000000616e-02	3.865890229942656742e-01	2.869419359184558345e-24
2.219999999999999929e+01	5.444000000000000228e-02	-5.623221684210086835e-01	6.094870630149158117e-24
2.225000000000000000e+01	5.445000000000000534e-02	-9.522959022904062820e-01	1.728555538369339769e-23
2.230000000000000071e+01	5.446000000000000146e-02	2.653129132777971508e-02	1.347400110462511869e-26
2.235000000000000142e+01	5.447000000000000453e-02	7.089911429140419719e-01	9.551207807150092984e-24
2.239999999999999858e+01	5.448000000000000065e-02	-6.202979030602759902e-01	7.309210262844318625e-24
2.244999999999999929e+01	5.449000000000000371e-02	8.122496211854475512e-02	1.266386495059412194e-25
2.250000000000000000e+01	5.450000000000000677e-02	7.943421740432040634e-01	1.201320121341366080e-23
2.255000000000000071e+01	5.451000000000000290e-02	2.604601208142091617e-01	1.307952884293245871e-24
2.260000000000000142e+01	5.452000000000000596e-02	-3.047587773700572988e-01	1.779447277789409996e-24
2.264999999999999858e+01	5.453000000000000208e-02	-1.526682381347386486e-01	4.500014040009268132e-25
2.269999999999999929e+01	5.454000000000000514e-02	-1.714313124932074009e-02	5.607253239174562478e-27
2.275000000000000000e+01	5.455000000000000127e-02	-3.369468307018955167e-01	2.178142984921099236e-24
2.280000000000000071e+01	5.456000000000000433e-02	-5.736331791917919087e-01	6.230925390851007673e-24
2.285000000000000142e+01	5.457000000000000045e-02	7.869896645388954615e-02	1.184275759566989273e-25
2.289999999999999858e+01	5.458000000000000351e-02	7.145561273436535910e-01	9.685961079876516099e-24
2.294999999999999929e+01	5.458999999999999964e-02	-6.164412345411558469e-01	7.216100004381903380e-24
2.300000000000000000e+01	5.460000000000000270e-02	2.445945409364253254e-01	1.148992203174003177e-24
2.305000000000000071e+01	5.461000000000000576e-02	1.056523492797178942e+00	2.131787706515265928e-23
2.310000000000000142e+01	5.462000000000000188e-02	1.861299906551855676e-01	6.690832656701752153e-25
2.314999999999999858e+01	5.463000000000000494e-02	-8.385927710524520018e-01	1.346794531095196141e-23
2.319999999999999929e+01	5.464000000000000107e-02	-8.137635475044754374e-01	1.268599897792034011e-23
2.325000000000000000e+01	5.465000000000000413e-02	1.288782573353304262e-01	3.151993021427691914e-25
2.330000000000000071e+01	5.466000000000000025e-02	2.817756417760879928e-01	1.510610342025318784e-24
2.335000000000000142e+01	5.467000000000000332e-02	-3.977395093800465964e-01	2.991794633622578013e-24
2.339999999999999858e+01	5.468000000000000638e-02	7.577204858748562422e-02	1.097385588007639954e-25
2.344999999999999929e+01	5.469000000000000250e-02	7.440538064270253438e-01	1.051656411313877959e-23
2.350000000000000000e+01	5.470000000000000556e-02	-4.209389824481730158e-01	3.371742272835029459e-24
2.355000000000000071e+01	5.471000000000000169e-02	3.187881290197761563e-01	1.957095720336305274e-24
2.360000000000000142e+01	5.472000000000000475e-02	7.470835036395654383e-01	1.066550962452042535e-23
2.364999999999999858e+01	5.473000000000000087e-02	-3.360551831588245442e-01	2.174362688766998189e-24
2.369999999999999929e+01	5.474000000000000393e-02	-1.131787913299782122e+00	2.435772108687841547e-23
2.375000000000000000e+01	5.475000000000000006e-02	-2.283301858402128071e-01	9.964827883232488664e-25
2.380000000000000071e+01	5.476000000000000312e-02	6.779546239414487863e-01	8.689047016495632606e-24
2.385000000000000142e+01	5.477000000000000618e-02	-5.202186895738176720e-01	5.123257307333560998e-24
2.389999999999999858e+01	5.478000000000000230e-02	-1.673346741803622556e-02	5.338455503950113155e-27
2.394999999999999929e+01	5.479000000000000536e-02	7.622886238809278847e-01	1.103478034693978630e-23
2.400000000000000000e+01	5.480000000000000149e-02	3.624512331303925694e-01	2.515814839481380068e-24
2.405000000000000071e+01	5.481000000000000455e-02	-3.022576210748967318e-01	1.745172914684254495e-24
2.410000000000000142e+01	5.482000000000000067e-02	2.542471573813076535e-01	1.247834899368706841e-24
2.414999999999999858e+01	5.483000000000000373e-02	4.887279232233787685e-01	4.573664394731267209e-24
2.419999999999999929e+01	5.483999999999999986e-02	-3.100513703117789288e-01	1.854377477976645886e-24
2.425000000000000000e+01	5.485000000000000292e-02	-5.562600546687651581e-01	5.919821222075977895e-24
2.430000000000000071e+01	5.486000000000000598e-02	3.203379204091842958e-01	1.979728402932191883e-24
2.435000000000000142e+01	5.487000000000000210e-02	9.741528430300604446e-01	1.825416016587977640e-23
2.439999999999999858e+01	5.488000000000000517e-02	-3.939513561945997416e-02	3.005095333512948614e-26
2.444999999999999929e+01	5.489000000000000129e-02	6.264709743841835321e-01	7.708619378480864078e-24
2.450000000000000000e+01	5.490000000000000435e-02	1.187755730169786972e+00	2.773199948093649675e-23
2.455000000000000071e+01	5.491000000000000048e-02	8.062999732929047036e-01	1.301455630564087477e-23
2.460000000000000142e+01	5.492000000000000354e-02	1.389008652466195981e-01	3.859752129635851059e-25
2.464999999999999858e+01	5.493000000000000660e-02	-1.853900532705060611e-02	6.953339244971203374e-27
2.469999999999999929e+01	5.494000000000000272e-02	6.784353114033011556e-01	9.309806929754069921e-24
2.475000000000000000e+01	5.495000000000000578e-02	7.884321227732464799e-01	1.270842525484001241e-23
2.480000000000000071e+01	5.496000000000000191e-02	1.764351086602389540e-01	6.369702133514456761e-25
2.485000000000000142e+01	5.497000000000000497e-02	3.881514287270214081e-01	3.130118316470338040e-24
2.489999999999999858e+01	5.498000000000000109e-02	1.031761312267450492e+00	2.214756504277214436e-23
2.494999999999999929e+01	5.499000000000000415e-02	7.558419777714749932e-01	1.205960941878325788e-23
2.500000000000000000e+01	5.500000000000000028e-02	1.333406675827082610e+00	3.823922849915084246e-23
2.505000000000000071e+01	5.501000000000000334e-02	1.466405925324577586e+00	4.684991669179118059e-23
2.510000000000000142e+01	5.501999999999999946e-02	3.860042190473797485e-01	3.284555373441517452e-24
2.514999999999999858e+01	5.503000000000000252e-02	-2.707502339411303471e-01	1.624899921003430651e-24
2.519999999999999929e+01	5.504000000000000559e-02	4.427301334016571777e-01	4.373573365268942015e-24
2.525000000000000000e+01	5.505000000000000171e-02	1.213769071943813449e+00	3.311452816187960594e-23
2.530000000000000071e+01	5.506000000000000477e-02	9.229876338777202038e-01	1.939864826560422374e-23
2.535000000000000142e+01	5.507000000000000089e-02	7.353454145370070805e-01	1.251452979769912367e-23
2.539999999999999858e+01	5.508000000000000396e-02	1.058912837645482830e+00	2.631424283253614041e-23
2.544999999999999929e+01	5.509000000000000008e-02	1.246341229216980429e+00	3.706970730320880252e-23
2.550000000000000000e+01	5.510000000000000314e-02	7.028989669633078918e-01	1.191771621671276448e-23
2.555000000000000071e+01	5.511000000000000620e-02	6.510653152559712220e-01	1.042465730625420689e-23
2.560000000000000142e+01	5.512000000000000233e-02	1.072720068328852916e+00	2.856097962457027617e-23
2.564999999999999858e+01	5.513000000000000539e-02	8.245814155971344928e-01	1.712945815691846966e-23
2.569999999999999929e+01	5.514000000000000151e-02	5.404611977207048890e-01	7.444785259408826969e-24
2.575000000000000000e+01	5.515000000000000457e-02	4.867910351209580044e-01	6.101713237016344059e-24
2.580000000000000071e+01	5.516000000000000070e-02	7.518655290609715935e-01	1.472598813443046036e-23
2.585000000000000142e+01	5.517000000000000376e-02	1.005187429826563283e+00	2.669021288979303251e-23
2.589999999999999858e+01	5.517999999999999988e-02	7.510913242480016239e-01	1.508233920289016008e-23
2.594999999999999929e+01	5.519000000000000294e-02	6.863967538837235649e-01	1.281991029696766011e-23
2.600000000000000000e+01	5.520000000000000601e-02	1.024276780721594005e+00	2.894964474046543645e-23
2.605000000000000071e+01	5.521000000000000213e-02	8.073892455522472256e-01	1.822291239636198797e-23
2.610000000000000142e+01	5.522000000000000519e-02	4.547229389230170726e-01	5.861776141226549446e-24
2.614999999999999858e+01	5.523000000000000131e-02	1.151909649933843260e+00	3.847398611965684504e-23
2.619999999999999929e+01	5.524000000000000438e-02	1.369624723408626954e+00	5.504987896490109938e-23
2.625000000000000000e+01	5.525000000000000050e-02	3.571589247326859562e-01	3.807316989294208216e-24
2.630000000000000071e+01	5.526000000000000356e-02	3.378791093792280487e-01	3.463197201498868562e-24
2.635000000000000142e+01	5.526999999999999968e-02	1.000364837901045689e+00	3.068418443126013864e-23
2.639999999999999858e+01	5.528000000000000275e-02	8.194206721089725143e-01	2.084871775273881194e-23
2.644999999999999929e+01	5.529000000000000581e-02	6.954925412685537545e-01	1.535251542286004628e-23
2.650000000000000000e+01	5.530000000000000193e-02	9.690571400878251751e-01	3.025748106270665781e-23
2.655000000000000071e+01	5.531000000000000499e-02	8.156191736857218988e-01	2.179731784233102634e-23
2.660000000000000142e+01	5.532000000000000112e-02	5.501719189758660367e-01	1.007413631535055179e-23
2.664999999999999858e+01	5.533000000000000418e-02	4.894717031578744160e-01	8.075235230886782932e-24
2.669999999999999929e+01	5.534000000000000030e-02	9.558147715396191346e-01	3.143581618711429126e-23
2.675000000000000000e+01	5.535000000000000336e-02	8.925283770737176825e-01	2.769270502294955474e-23
2.680000000000000071e+01	5.536000000000000643e-02	4.543303332129414174e-01	7.333742602249074101e-24
2.685000000000000142e+01	5.537000000000000255e-02	6.332356477786054150e-01	1.443726664819300050e-23
2.689999999999999858e+01	5.538000000000000561e-02	6.598010132340113021e-01	1.587605899709004792e-23
2.694999999999999929e+01	5.539000000000000173e-02	3.111439552172434175e-01	3.564169946238200913e-24
2.700000000000000000e+01	5.540000000000000480e-02	1.172881560179876992e+00	5.244731519907795671e-23
2.705000000000000071e+01	5.541000000000000092e-02	8.810854902373111974e-01	2.942053449292922857e-23
2.710000000000000142e+01	5.542000000000000398e-02	2.670888523872756992e-01	2.819195744427137617e-24
2.714999999999999858e+01	5.543000000000000010e-02	7.221774840150685382e-01	2.057236380999324215e-23
2.719999999999999929e+01	5.544000000000000317e-02	5.175401933638151819e-01	1.080132238686107748e-23
2.725000000000000000e+01	5.544999999999999929e-02	1.001337686478848354e+00	4.136317497282293258e-23
2.730000000000000071e+01	5.546000000000000235e-02	1.114598354065342578e+00	5.231604230149516002e-23
2.735000000000000142e+01	5.547000000000000541e-02	6.089635119639060790e-01	1.597526642522847536e-23
2.739999999999999858e+01	5.548000000000000154e-02	3.734517065048804652e-01	6.116480584788526827e-24
2.744999999999999929e+01	5.549000000000000460e-02	3.898402562215119160e-01	6.730982832167875290e-24
2.750000000000000000e+01	5.550000000000000072e-02	5.683426241752410624e-01	1.454792522227138299e-23
2.755000000000000071e+01	5.551000000000000378e-02	4.820585627296044562e-01	1.055038484982798165e-23
2.760000000000000142e+01	5.551999999999999991e-02	1.019439603319818533e+00	4.902268999875400889e-23
2.764999999999999858e+01	5.553000000000000297e-02	8.375735463384380575e-01	3.310256421642092783e-23
2.769999999999999929e+01	5.554000000000000603e-02	4.386557538471330120e-01	9.482564632346586240e-24
2.775000000000000000e+01	5.555000000000000215e-02	6.638652512160825303e-01	2.175767362736969003e-23
2.780000000000000071e+01	5.556000000000000522e-02	2.569614196971916065e-01	3.324593759825916108e-24
2.785000000000000142e+01	5.557000000000000134e-02	5.549384119964488882e-01	1.579115087967056387e-23
2.789999999999999858e+01	5.558000000000000440e-02	6.939187299024179856e-01	2.498465624314480366e-23
2.794999999999999929e+01	5.559000000000000052e-02	7.761461840323221617e-01	3.224030005658032719e-23
2.800000000000000000e+01	5.560000000000000359e-02	2.414281614440620394e-01	3.116650994779049090e-24
2.805000000000000071e+01	5.561000000000000665e-02	-2.904667429064554107e-01	4.587500620636058694e-24
2.810000000000000142e+01	5.562000000000000277e-02	2.087133823932537380e-01	2.363845727647916959e-24
2.814999999999999858e+01	5.562999999999999889e-02	1.285218500894524718e+00	9.288023150905427262e-23
2.819999999999999929e+01	5.564000000000000196e-02	1.160020942918004616e+00	7.647097403851174195e-23
2.825000000000000000e+01	5.565000000000000502e-02	3.273377436541666241e-01	6.367115391681926105e-24
2.830000000000000071e+01	5.566000000000000114e-02	8.459270157031487658e-01	4.360807431812396368e-23
2.835000000000000142e+01	5.567000000000000420e-02	6.555647734447607178e-01	2.644806477144296060e-23
2.839999999999999858e+01	5.568000000000000033e-02	3.340157437268599372e-01	7.094875827844082160e-24
2.844999999999999929e+01	5.569000000000000339e-02	8.880169601822601733e-01	5.135899827589515186e-23
2.850000000000000000e+01	5.569999999999999951e-02	1.616362417014108668e-02	1.683023784596001509e-26
2.855000000000000071e+01	5.571000000000000257e-02	3.757321871843224970e-01	9.643997349061841776e-24
2.860000000000000142e+01	5.572000000000000564e-02	1.159397466651656439e+00	9.053818649749735678e-23
2.864999999999999858e+01	5.573000000000000176e-02	3.237884494894067711e-01	7.358757826583875563e-24
2.869999999999999929e+01	5.574000000000000482e-02	6.696396723040568544e-01	3.242662448299594894e-23
2.875000000000000000e+01	5.575000000000000094e-02	4.661977582682384491e-01	1.573924550509952793e-23
2.880000000000000071e+01	5.576000000000000401e-02	5.289281354222142850e-01	2.123329690045376662e-23
2.885000000000000142e+01	5.577000000000000013e-02	1.138122372970109764e+00	1.001539726522840573e-22
2.889999999999999858e+01	5.578000000000000319e-02	3.430000195565536258e-01	9.256853400154667883e-24
2.894999999999999929e+01	5.579000000000000625e-02	4.886748659929829319e-01	1.976967508516879127e-23
2.900000000000000000e+01	5.580000000000000238e-02	4.227172036182187953e-01	1.452153720240814901e-23
2.905000000000000071e+01	5.581000000000000544e-02	4.413092164228056280e-01	1.678777556465639118e-23
2.910000000000000142e+01	5.582000000000000156e-02	9.204358530985946585e-01	7.298201578529575206e-23
2.914999999999999858e+01	5.583000000000000462e-02	3.477384293253946712e-01	1.079426607684500079e-23
2.919999999999999929e+01	5.584000000000000075e-02	4.124279684198896012e-01	1.554672322402227450e-23
2.925000000000000000e+01	5.585000000000000381e-02	7.199378693069445889e-01	4.856625344496698126e-23
2.930000000000000071e+01	5.586000000000000687e-02	4.871140676135176650e-01	2.259865276533798535e-23
2.935000000000000142e+01	5.587000000000000299e-02	9.302314054433931112e-01	8.758924405957805101e-23
2.939999999999999858e+01	5.587999999999999912e-02	1.045369708168901290e+00	1.118886474687902015e-22
2.944999999999999929e+01	5.589000000000000218e-02	4.120357584149182406e-01	1.833049069721178576e-23
2.950000000000000000e+01	5.590000000000000524e-02	2.324646089385983272e-01	5.884512116671066208e-24
2.955000000000000071e+01	5.591000000000000136e-02	5.809500105015504845e-01	3.828011504488471692e-23
2.960000000000000142e+01	5.592000000000000443e-02	8.528278850852141213e-01	8.361711811624469463e-23
2.964999999999999858e+01	5.593000000000000055e-02	4.644566827220495409e-01	2.579641958361173786e-23
2.969999999999999929e+01	5.594000000000000361e-02	8.244290369972453458e-01	8.515905623303510709e-23
2.975000000000000000e+01	5.594999999999999973e-02	7.483317496909583921e-01	7.132590670113648228e-23
2.980000000000000071e+01	5.596000000000000280e-02	2.557108654597829434e-01	8.671264304356593298e-24
2.985000000000000142e+01	5.597000000000000586e-02	5.347251010395608350e-01	3.898990681635871524e-23
2.989999999999999858e+01	5.598000000000000198e-02	9.082750058950656014e-01	1.165428940665159893e-22
2.994999999999999929e+01	5.599000000000000504e-02	6.098029160947673333e-01	5.398041907349540352e-23
3.000000000000000000e+01	5.600000000000000117e-02	3.917834524966191112e-01	2.329769046639793183e-23
