2.205000000000000071e+01	5.441000000000000003e-02	-4.687416380693510831e+01	1.734798489941691251e-19
2.210000000000000142e+01	5.442000000000000309e-02	-3.577397509879024495e-01	2.507781115454249803e-24
2.214999999999999858e+01	5.443000000000000616e-02	-1.467709677886203275e-02	4.177496759217979723e-27
2.219999999999999929e+01	5.444000000000000228e-02	-4.773724586052013191e-02	4.441797220818839455e-26
2.225000000000000000e+01	5.445000000000000534e-02	-4.266440759400922933e-01	3.509766138345548636e-24
2.230000000000000071e+01	5.446000000000000146e-02	1.070425317547990252e-01	2.235084889981839320e-25
2.235000000000000142e+01	5.447000000000000453e-02	9.106916232270896305e-01	1.609287499406053098e-23
2.239999999999999858e+01	5.448000000000000065e-02	-5.953635710902799305e-01	6.870394518791965342e-24
2.244999999999999929e+01	5.449000000000000371e-02	-9.443334976492505362e-02	1.748921085078298180e-25
2.250000000000000000e+01	5.450000000000000677e-02	8.622200104342560012e-01	1.446010447532076523e-23
2.255000000000000071e+01	5.451000000000000290e-02	1.103549903350105610e-01	2.388880187177479360e-25
2.260000000000000142e+01	5.452000000000000596e-02	-1.125975072243782904e+00	2.457575434766898427e-23
2.264999999999999858e+01	5.453000000000000208e-02	-4.329304703445903679e-01	3.661087931435550221e-24
2.269999999999999929e+01	5.454000000000000514e-02	6.398684019536213796e-01	7.886306938354080346e-24
2.275000000000000000e+01	5.455000000000000127e-02	1.265224693748550899e-01	3.114332482425948051e-25
2.280000000000000071e+01	5.456000000000000433e-02	-3.579625979302240579e-01	2.477150376211609769e-24
2.285000000000000142e+01	5.457000000000000045e-02	2.309632291455930020e-01	1.042673166361681562e-24
2.289999999999999858e+01	5.458000000000000351e-02	5.388700133141406390e-01	5.626909756121098485e-24
2.294999999999999929e+01	5.458999999999999964e-02	-6.002244741864600774e-01	7.008027411573015522e-24
2.300000000000000000e+01	5.460000000000000270e-02	3.408037073674402007e-01	2.276702533985413945e-24
2.305000000000000071e+01	5.461000000000000576e-02	5.741128359189999752e-01	6.409354393407409960e-24
2.310000000000000142e+01	5.462000000000000188e-02	-6.035097583438885360e-01	7.114963350877280206e-24
2.314999999999999858e+01	5.463000000000000494e-02	-1.159494021968429545e+00	2.594553885881966422e-23
2.319999999999999929e+01	5.464000000000000107e-02	3.798067684013022721e-02	2.797136851936377021e-26
2.325000000000000000e+01	5.465000000000000413e-02	8.817310709944482516e-01	1.494945217858265827e-23
2.330000000000000071e+01	5.466000000000000025e-02	3.268286943429118963e-01	2.081127987967993362e-24
2.335000000000000142e+01	5.467000000000000332e-02	-3.437782770009629729e-01	2.288399840020105002e-24
2.339999999999999858e+01	5.468000000000000638e-02	-7.527586787940948598e-02	1.107641556433723787e-25
2.344999999999999929e+01	5.469000000000000250e-02	5.971975711139505538e-01	6.928661315149286327e-24
2.350000000000000000e+01	5.470000000000000556e-02	-3.541703392691732399e-01	2.438223317352657762e-24
2.355000000000000071e+01	5.471000000000000169e-02	-8.675079477324980359e-02	1.471822287392348880e-25
2.360000000000000142e+01	5.472000000000000475e-02	-1.700348773165413219e-01	5.581608844056188479e-25
2.364999999999999858e+01	5.473000000000000087e-02	-2.741666441345259053e-01	1.463140793281762883e-24
2.369999999999999929e+01	5.474000000000000393e-02	-3.119833785949843175e-01	1.867393710541027729e-24
2.375000000000000000e+01	5.475000000000000006e-02	1.713646579787306556e-01	5.708413479890545955e-25
2.380000000000000071e+01	5.476000000000000312e-02	9.871790099958693832e-01	1.886169506738166540e-23
2.385000000000000142e+01	5.477000000000000618e-02	-5.741961711685277248e-01	6.375567693572703337e-24
2.389999999999999858e+01	5.478000000000000230e-02	-1.469007520791349164e-01	4.222705007444720119e-25
2.394999999999999929e+01	5.479000000000000536e-02	7.979237991989506229e-01	1.234783527442458936e-23
2.400000000000000000e+01	5.480000000000000149e-02	1.146276398822075604e-01	2.570024837744872647e-25
2.405000000000000071e+01	5.481000000000000455e-02	-8.849212373612195259e-01	1.517006270222966466e-23
2.410000000000000142e+01	5.482000000000000067e-02	-5.223121578428132628e-01	5.307680782773884955e-24
2.414999999999999858e+01	5.483000000000000373e-02	5.137394468918835555e-01	5.088160359026400202e-24
2.419999999999999929e+01	5.483999999999999986e-02	2.073578249962555742e-01	8.331006942496993122e-25
2.425000000000000000e+01	5.485000000000000292e-02	-3.190522122681297978e-01	1.967404623274407817e-24
2.430000000000000071e+01	5.486000000000000598e-02	4.015738111004780175e-01	3.149518738427644683e-24
2.435000000000000142e+01	5.487000000000000210e-02	7.500531746131571253e-01	1.093452308464081154e-23
2.439999999999999858e+01	5.488000000000000517e-02	-3.046481426694742645e-01	1.814936202207394704e-24
2.444999999999999929e+01	5.489000000000000129e-02	8.272361399915810765e-01	1.357986373690802466e-23
2.450000000000000000e+01	5.490000000000000435e-02	1.285023196914602872e+00	3.271356113791218694e-23
2.455000000000000071e+01	5.491000000000000048e-02	1.883258455506827134e-01	7.134018864632167359e-25
2.460000000000000142e+01	5.492000000000000354e-02	2.219382528323647630e-01	9.956189460631318906e-25
2.464999999999999858e+01	5.493000000000000660e-02	1.012206580102721132e+00	2.094688403126300940e-23
2.469999999999999929e+01	5.494000000000000272e-02	1.684477294065789499e+00	5.887048284095557273e-23
2.475000000000000000e+01	5.495000000000000578e-02	1.385448753737471561e+00	4.056563262838326044e-23
2.480000000000000071e+01	5.496000000000000191e-02	9.353438352788677745e-01	1.882825903292809789e-23
2.485000000000000142e+01	5.497000000000000497e-02	1.307622320562525919e+00	3.754954682378264657e-23
2.489999999999999858e+01	5.498000000000000109e-02	1.579913804263473942e+00	5.571579404582050614e-23
2.494999999999999929e+01	5.499000000000000415e-02	1.287039226124983893e+00	3.779618465442245626e-23
2.500000000000000000e+01	5.500000000000000028e-02	1.048013112366407817e+00	2.549851972249394912e-23
2.505000000000000071e+01	5.501000000000000334e-02	1.221476154635821709e+00	3.537429654381024168e-23
2.510000000000000142e+01	5.501999999999999946e-02	1.116592375908275425e+00	2.993315562325094934e-23
2.514999999999999858e+01	5.503000000000000252e-02	1.191754728138466612e+00	3.498723725151189141e-23
2.519999999999999929e+01	5.504000000000000559e-02	1.621200015165150665e+00	6.594986082804199294e-23
2.525000000000000000e+01	5.505000000000000171e-02	1.468027757102467135e+00	5.547389410180534951e-23
2.530000000000000071e+01	5.506000000000000477e-02	1.434672442159278694e+00	5.437669117681046563e-23
2.535000000000000142e+01	5.507000000000000089e-02	1.493783989237456478e+00	6.045638583435563900e-23
2.539999999999999858e+01	5.508000000000000396e-02	1.299451522364061917e+00	4.682247319517901048e-23
2.544999999999999929e+01	5.509000000000000008e-02	9.495488257850055458e-01	2.553241362155217068e-23
2.550000000000000000e+01	5.510000000000000314e-02	6.866314195915670382e-01	1.356057590289190614e-23
2.555000000000000071e+01	5.511000000000000620e-02	1.027811015174671772e+00	3.105286626923752802e-23
2.560000000000000142e+01	5.512000000000000233e-02	1.521286160034180712e+00	6.946388147742155915e-23
2.564999999999999858e+01	5.513000000000000539e-02	1.603828018294157998e+00	7.965407235576647247e-23
2.569999999999999929e+01	5.514000000000000151e-02	8.047977041391010111e-01	2.036726210719842277e-23
2.575000000000000000e+01	5.515000000000000457e-02	9.344933157888311026e-01	2.850152028407072879e-23
2.580000000000000071e+01	5.516000000000000070e-02	1.507256155364423922e+00	7.501473440360066663e-23
2.585000000000000142e+01	5.517000000000000376e-02	1.244454159644838631e+00	5.300841959818698188e-23
2.589999999999999858e+01	5.517999999999999988e-02	7.987367232311114451e-01	2.216232733165614971e-23
2.594999999999999929e+01	5.519000000000000294e-02	7.991636201443085286e-01	2.290093694072408772e-23
2.600000000000000000e+01	5.520000000000000601e-02	1.231451766114907143e+00	5.521929296545884832e-23
2.605000000000000071e+01	5.521000000000000213e-02	1.145658598720261212e+00	4.930074693176801255e-23
2.610000000000000142e+01	5.522000000000000519e-02	9.669657278734272721e-01	3.590750090261298845e-23
2.614999999999999858e+01	5.523000000000000131e-02	1.187484247107089885e+00	5.614715374900831182e-23
2.619999999999999929e+01	5.524000000000000438e-02	1.007416143377483753e+00	4.097943274783058894e-23
2.625000000000000000e+01	5.525000000000000050e-02	4.431738924673463975e-01	8.159218689195215826e-24
2.630000000000000071e+01	5.526000000000000356e-02	1.030994010597284571e+00	4.531140764822161212e-23
2.635000000000000142e+01	5.526999999999999968e-02	1.246869095577842534e+00	6.763564652271382060e-23
2.639999999999999858e+01	5.528000000000000275e-02	1.134370787668637082e+00	5.827554205819639752e-23
2.644999999999999929e+01	5.529000000000000581e-02	4.881767121663493914e-01	1.088650821682427661e-23
2.650000000000000000e+01	5.530000000000000193e-02	8.102315109378216418e-01	3.147005132293542149e-23
2.655000000000000071e+01	5.531000000000000499e-02	9.160362105838425473e-01	3.994819042977842374e-23
2.660000000000000142e+01	5.532000000000000112e-02	6.688019731514340815e-01	2.243172960059428530e-23
2.664999999999999858e+01	5.533000000000000418e-02	1.528371758019753335e+00	1.199137887353121192e-22
2.669999999999999929e+01	5.534000000000000030e-02	1.065802564657392759e+00	6.019780624036622814e-23
2.675000000000000000e+01	5.535000000000000336e-02	2.143829933076213112e-01	2.494685352537295246e-24
2.680000000000000071e+01	5.536000000000000643e-02	3.089406999080599459e-01	5.290955963932626013e-24
2.685000000000000142e+01	5.537000000000000255e-02	8.336724896753840985e-01	3.907364792009598500e-23
2.689999999999999858e+01	5.538000000000000561e-02	7.815751466003906245e-01	3.514290757590254529e-23
2.694999999999999929e+01	5.539000000000000173e-02	7.756628827163233320e-01	3.575361774993173230e-23
2.700000000000000000e+01	5.540000000000000480e-02	8.359909421502407234e-01	4.255216299347484964e-23
2.705000000000000071e+01	5.541000000000000092e-02	6.147051086406912779e-01	2.359709490220166942e-23
2.710000000000000142e+01	5.542000000000000398e-02	6.516508221629295772e-01	2.729057897768088320e-23
2.714999999999999858e+01	5.543000000000000010e-02	9.173638668903716376e-01	5.562669718368042312e-23
2.719999999999999929e+01	5.544000000000000317e-02	9.552987083203677843e-01	6.232401212830710138e-23
2.725000000000000000e+01	5.544999999999999929e-02	1.132885869182207461e+00	9.183751069656359451e-23
2.730000000000000071e+01	5.546000000000000235e-02	8.922501797333711737e-01	5.846410214723286484e-23
2.735000000000000142e+01	5.547000000000000541e-02	3.435783968836876312e-01	8.961359554549054421e-24
2.739999999999999858e+01	5.548000000000000154e-02	6.992401654616429152e-01	3.832074448724952281e-23
2.744999999999999929e+01	5.549000000000000460e-02	7.767521540164332716e-01	4.799011136910950177e-23
2.750000000000000000e+01	5.550000000000000072e-02	6.056721476534920878e-01	3.038414805364561083e-23
2.755000000000000071e+01	5.551000000000000378e-02	6.965735584543116810e-01	4.110429086595722544e-23
2.760000000000000142e+01	5.551999999999999991e-02	6.653626067170416158e-01	3.876078190641892701e-23
2.764999999999999858e+01	5.553000000000000297e-02	7.496945456134156416e-01	5.076154311504977746e-23
2.769999999999999929e+01	5.554000000000000603e-02	9.356717100592425451e-01	8.240516966376547902e-23
2.775000000000000000e+01	5.555000000000000215e-02	6.502630969569281882e-01	4.071210508615834797e-23
2.780000000000000071e+01	5.556000000000000522e-02	6.226983773093052177e-01	3.924918620764440307e-23
2.785000000000000142e+01	5.557000000000000134e-02	6.735895977510814037e-01	4.649957432521191965e-23
2.789999999999999858e+01	5.558000000000000440e-02	5.682319188469410198e-01	3.461383812418706735e-23
2.794999999999999929e+01	5.559000000000000052e-02	7.240422983613171715e-01	5.750365867444319150e-23
2.800000000000000000e+01	5.560000000000000359e-02	6.781162836671968952e-01	5.243640100454133268e-23
2.805000000000000071e+01	5.561000000000000665e-02	3.900370264725205316e-01	1.763942244513295878e-23
2.810000000000000142e+01	5.562000000000000277e-02	5.618455036759471000e-01	3.833781486037152360e-23
2.814999999999999858e+01	5.562999999999999889e-02	1.116283418774016933e+00	1.561811735168995917e-22
2.819999999999999929e+01	5.564000000000000196e-02	9.246123398708575580e-01	1.122583342553443928e-22
2.825000000000000000e+01	5.565000000000000502e-02	4.658503334411799313e-01	2.957089117781986656e-23
2.830000000000000071e+01	5.566000000000000114e-02	4.730565002325184398e-01	3.167883471717410308e-23
2.835000000000000142e+01	5.567000000000000420e-02	6.319575909459556051e-01	5.778352324514678756e-23
2.839999999999999858e+01	5.568000000000000033e-02	6.245386748021530821e-01	5.867942183917713624e-23
2.844999999999999929e+01	5.569000000000000339e-02	7.595011211748646796e-01	9.022929852049996755e-23
2.850000000000000000e+01	5.569999999999999951e-02	5.595564290055283774e-01	5.037000375466023455e-23
2.855000000000000071e+01	5.571000000000000257e-02	5.302563954848461547e-01	4.735924874974492280e-23
2.860000000000000142e+01	5.572000000000000564e-02	6.693887210283681055e-01	7.741612894316673807e-23
2.864999999999999858e+01	5.573000000000000176e-02	4.924821842308193531e-01	4.338313514465367324e-23
2.869999999999999929e+01	5.574000000000000482e-02	5.221252022343078059e-01	5.054935910744115049e-23
2.875000000000000000e+01	5.575000000000000094e-02	8.798886765015868638e-01	1.504391388990266354e-22
2.880000000000000071e+01	5.576000000000000401e-02	8.008027526023220322e-01	1.288940917415052451e-22
2.885000000000000142e+01	5.577000000000000013e-02	5.185222534909367242e-01	5.693955488132469908e-23
2.889999999999999858e+01	5.578000000000000319e-02	5.065489328772553312e-01	5.593818835898158403e-23
2.894999999999999929e+01	5.579000000000000625e-02	6.237594750703400193e-01	8.856674231130865130e-23
2.900000000000000000e+01	5.580000000000000238e-02	6.207611163010893218e-01	9.026384527120604607e-23
2.905000000000000071e+01	5.581000000000000544e-02	5.565106734240604647e-01	7.606882956677609612e-23
2.910000000000000142e+01	5.582000000000000156e-02	6.911125947681144854e-01	1.218535210825262380e-22
2.914999999999999858e+01	5.583000000000000462e-02	2.652812104155772843e-01	1.823987496244265734e-23
2.919999999999999929e+01	5.584000000000000075e-02	4.064788934901795159e-01	4.532979940386777547e-23
2.925000000000000000e+01	5.585000000000000381e-02	6.493400296774267666e-01	1.161641426321618234e-22
2.930000000000000071e+01	5.586000000000000687e-02	5.917916321028274806e-01	1.027953306508517639e-22
2.935000000000000142e+01	5.587000000000000299e-02	7.135229801779502390e-01	1.538517120947709429e-22
2.939999999999999858e+01	5.587999999999999912e-02	4.917503181262286027e-01	7.645770258293046212e-23
2.944999999999999929e+01	5.589000000000000218e-02	5.522540515980759457e-01	1.005965787360551894e-22
2.950000000000000000e+01	5.590000000000000524e-02	8.491684831277573897e-01	2.505038715820493778e-22
2.955000000000000071e+01	5.591000000000000136e-02	6.514003756202073614e-01	1.523823562491695705e-22
2.960000000000000142e+01	5.592000000000000443e-02	3.347478973985231199e-01	4.234485439477112034e-23
2.964999999999999858e+01	5.593000000000000055e-02	3.609356956400261440e-01	5.030139009527685926e-23
2.969999999999999929e+01	5.594000000000000361e-02	5.229021138393306067e-01	1.099606639289093785e-22
2.975000000000000000e+01	5.594999999999999973e-02	7.187465460926087957e-01	2.158511841982576261e-22
2.980000000000000071e+01	5.596000000000000280e-02	5.774903193373654986e-01	1.454194234774254614e-22
2.985000000000000142e+01	5.597000000000000586e-02	3.819059857693258286e-01	6.610015053083587921e-23
2.989999999999999858e+01	5.598000000000000198e-02	6.673426282684882249e-01	2.131328331161762763e-22
2.994999999999999929e+01	5.599000000000000504e-02	6.389174809378425079e-01	1.997829836276830109e-22
3.000000000000000000e+01	5.600000000000000117e-02	6.563788468915472407e-01	2.280130775963379621e-22
