2.704036e-07	0.0981387	0.0
2.015792e-06	0.760299	0.0002
4.703441e-06	0.782786	0.0004
8.015842e-06	0.796441	0.0006
1.166197e-05	0.806349	0.0008
1.57252e-05	0.814156	0.001
2.001695e-05	0.820649	0.0012
2.439974e-05	0.826243	0.0014
2.928206e-05	0.831161	0.0016
3.394866e-05	0.835583	0.0018
3.874415e-05	0.839602	0.002
4.383132e-05	0.843295	0.0022
4.904567e-05	0.84673	0.0024
5.43632e-05	0.849943	0.0026
5.950193e-05	0.852959	0.0028
6.481402e-05	0.855818	0.003
7.043137e-05	0.858536	0.0032
7.593325e-05	0.86113	0.0034
8.148063e-05	0.863617	0.0036
8.709872e-05	0.866002	0.0038
9.27501e-05	0.868305	0.004
9.84613e-05	0.870526	0.0042
0.0001041075	0.87268	0.0044
0.0001097646	0.874751	0.0046
0.0001153375	0.876785	0.0048
0.0001212286	0.878757	0.005
0.000126929	0.880684	0.0052
0.0001328451	0.88256	0.0054
0.0001388437	0.884393	0.0056
0.000144775	0.886188	0.0058
0.0001503951	0.887939	0.006
0.0001566378	0.889663	0.0062
0.0001624803	0.891345	0.0064
0.0001683575	0.893003	0.0066
0.0001743782	0.894631	0.0068
0.0001804723	0.896233	0.007
0.0001864149	0.897803	0.0072
0.0001928329	0.89935	0.0074
0.0001991674	0.900872	0.0076
0.0002047481	0.902372	0.0078
0.000210281	0.903853	0.008
0.0002166888	0.905311	0.0082
0.0002232302	0.906748	0.0084
0.0002291905	0.908175	0.0086
0.0002354559	0.909572	0.0088
0.000240995	0.910955	0.009
0.0002474398	0.912324	0.0092
0.0002537615	0.913671	0.0094
0.0002596056	0.915011	0.0096
0.0002658794	0.916335	0.0098
0.0002724861	0.917638	0.01
0.0002782023	0.918915	0.0102
0.0002847392	0.920198	0.0104
0.0002904416	0.921466	0.0106
0.0002966932	0.922715	0.0108
0.0003027898	0.923963	0.011
0.0003091648	0.925192	0.0112
0.0003149105	0.926401	0.0114
0.0003214806	0.927608	0.0116
0.0003275156	0.928813	0.0118
0.0003339654	0.929994	0.012
0.0003401849	0.931161	0.0122
0.0003457633	0.932335	0.0124
0.0003524385	0.933488	0.0126
0.0003589156	0.934629	0.0128
0.0003647605	0.935772	0.013
0.0003708516	0.936898	0.0132
0.0003772456	0.938017	0.0134
0.0003839182	0.939121	0.0136
0.0003896645	0.940225	0.0138
0.0003958356	0.941316	0.014
0.0004028354	0.942391	0.0142
0.0004083271	0.943469	0.0144
0.0004144239	0.94454	0.0146
0.0004212331	0.945597	0.0148
0.0004266698	0.946645	0.015
0.0004335855	0.947696	0.0152
0.0004398021	0.948737	0.0154
0.0004462514	0.949768	0.0156
0.0004517119	0.950788	0.0158
0.0004589681	0.951803	0.016
0.0004645299	0.952818	0.0162
0.000470684	0.953816	0.0164
0.0004774337	0.95481	0.0166
0.0004832082	0.955808	0.0168
0.0004898773	0.956797	0.017
0.0004956696	0.957768	0.0172
0.0005028931	0.958738	0.0174
0.0005086024	0.959711	0.0176
0.0005144779	0.96067	0.0178
0.0005205184	0.96162	0.018
0.0005268095	0.962577	0.0182
0.0005336519	0.96352	0.0184
0.000539419	0.964451	0.0186
0.0005467811	0.965382	0.0188
0.000552625	0.966309	0.019
0.0005580455	0.967226	0.0192
0.0005647517	0.968146	0.0194
0.0005708804	0.969051	0.0196
0.0005776121	0.969965	0.0198
0.0005836296	0.970864	0.02
0.0005836966	0.970838	0.02
0.000577229	0.969896	0.0198
0.0005711693	0.968949	0.0196
0.0005651803	0.968001	0.0194
0.0005591054	0.967056	0.0192
0.0005529093	0.966115	0.019
0.0005461106	0.965157	0.0188
0.0005404509	0.964207	0.0186
0.0005342558	0.963254	0.0184
0.0005279899	0.962288	0.0182
0.0005217433	0.961316	0.018
0.0005152819	0.960346	0.0178
0.0005087977	0.959372	0.0176
0.0005031097	0.958384	0.0174
0.0004966906	0.957398	0.0172
0.0004905569	0.956413	0.017
0.000484483	0.955414	0.0168
0.0004781341	0.954408	0.0166
0.0004720195	0.953398	0.0164
0.000465474	0.952392	0.0162
0.000459154	0.951367	0.016
0.0004527231	0.950338	0.0158
0.0004468448	0.949308	0.0156
0.0004408627	0.948267	0.0154
0.0004344447	0.947215	0.0152
0.0004281891	0.94616	0.015
0.0004220387	0.945106	0.0148
0.000415815	0.944037	0.0146
0.0004091473	0.942958	0.0144
0.0004036039	0.941872	0.0142
0.0003976266	0.940794	0.014
0.0003911733	0.93969	0.0138
0.0003844299	0.938581	0.0136
0.000378376	0.937471	0.0134
0.0003728411	0.936346	0.0132
0.0003658521	0.93521	0.013
0.0003597885	0.934071	0.0128
0.0003539435	0.932929	0.0126
0.0003472663	0.931767	0.0124
0.0003410738	0.930584	0.0122
0.0003395354	0.929413	0.012
0.000328676	0.928225	0.0118
0.0003222745	0.927019	0.0116
0.0003161255	0.925805	0.0114
0.0003097664	0.924593	0.0112
0.00030376	0.92336	0.011
0.0002975549	0.922109	0.0108
0.0002917495	0.920862	0.0106
0.0002853155	0.919593	0.0104
0.0002787857	0.918309	0.0102
0.000272703	0.91703	0.01
0.0002666178	0.91572	0.0098
0.0002605278	0.9144	0.0096
0.000254582	0.913065	0.0094
0.0002480802	0.911709	0.0092
0.0002418979	0.910343	0.009
0.0002359187	0.908959	0.0088
0.0002300642	0.907553	0.0086
0.0002236268	0.906133	0.0084
0.0002176775	0.904697	0.0082
0.0002113685	0.903237	0.008
0.0002051823	0.901761	0.0078
0.0001991275	0.900257	0.0076
0.0001933148	0.898743	0.0074
0.0001870142	0.897191	0.0072
0.000181329	0.895618	0.007
0.0001748821	0.894021	0.0068
0.0001687786	0.892399	0.0066
0.0001631705	0.890743	0.0064
0.0001572273	0.889061	0.0062
0.0001510865	0.887341	0.006
0.0001451722	0.885591	0.0058
0.0001394574	0.883799	0.0056
0.0001332703	0.881971	0.0054
0.0001278321	0.880095	0.0052
0.0001213741	0.878178	0.005
0.0001159015	0.876212	0.0048
0.0001097375	0.874186	0.0046
0.0001044175	0.872098	0.0044
9.856174e-05	0.869951	0.0042
9.284601e-05	0.867745	0.004
8.747845e-05	0.865448	0.0038
8.157864e-05	0.863063	0.0036
7.598204e-05	0.860581	0.0034
7.052018e-05	0.857993	0.0032
6.501576e-05	0.855284	0.003
5.987035e-05	0.852429	0.0028
5.431274e-05	0.84941	0.0026
4.915538e-05	0.846204	0.0024
4.401446e-05	0.842775	0.0022
3.893799e-05	0.839087	0.002
3.397521e-05	0.835081	0.0018
2.918269e-05	0.830668	0.0016
2.445683e-05	0.82575	0.0014
2.007838e-05	0.820168	0.0012
1.577389e-05	0.813684	0.001
1.180206e-05	0.80586	0.0008
8.032487e-06	0.795958	0.0006
4.711499e-06	0.782318	0.0004
2.017576e-06	0.759792	0.0002
2.592733e-07	-0.875477	5.42101e-19
