4.107434e-07	-0.907373	0.0
1.141054e-06	0.726819	0.0001
2.254983e-06	0.748682	0.0002
3.539469e-06	0.762066	0.0003
5.043428e-06	0.771786	0.0004
6.743227e-06	0.779445	0.0005
8.502072e-06	0.785772	0.0006
1.039478e-05	0.791176	0.0007
1.236738e-05	0.795891	0.0008
1.44914e-05	0.800097	0.0009
1.664577e-05	0.803884	0.001
1.89095e-05	0.807323	0.0011
2.116528e-05	0.810507	0.0012
2.343665e-05	0.813453	0.0013
2.581833e-05	0.816188	0.0014
2.824388e-05	0.818775	0.0015
3.076869e-05	0.821192	0.0016
3.318207e-05	0.823489	0.0017
3.444445e-05	0.825697	0.0018
3.848095e-05	0.827773	0.0019
4.103401e-05	0.829769	0.002
4.3638e-05	0.831683	0.0021
4.636397e-05	0.83351	0.0022
4.907338e-05	0.83527	0.0023
5.175388e-05	0.836981	0.0024
5.461309e-05	0.838645	0.0025
5.721167e-05	0.840227	0.0026
6.00765e-05	0.841801	0.0027
6.257025e-05	0.843307	0.0028
6.558232e-05	0.844759	0.0029
6.85735e-05	0.846194	0.003
6.053207e-05	0.847584	0.0031
7.407447e-05	0.848946	0.0032
7.431211e-05	0.850266	0.0033
7.785893e-05	0.851564	0.0034
8.285463e-05	0.852826	0.0035
8.56335e-05	0.854068	0.0036
8.861194e-05	0.855263	0.0037
8.621072e-05	0.856482	0.0038
9.47271e-05	0.857649	0.0039
9.773041e-05	0.858804	0.004
0.0001006291	0.859943	0.0041
0.0001037703	0.861054	0.0042
0.0001067151	0.862145	0.0043
0.0001096349	0.863175	0.0044
0.0001127173	0.864239	0.0045
0.0001157736	0.865314	0.0046
0.000118752	0.866342	0.0047
0.0001218709	0.867342	0.0048
0.0001249104	0.868362	0.0049
0.0001188652	0.869354	0.005
0.0001309269	0.870328	0.0051
0.0001339698	0.871257	0.0052
0.0001368284	0.872236	0.0053
0.0001399621	0.87318	0.0054
0.0001433448	0.87409	0.0055
0.0001462777	0.875006	0.0056
0.0001493434	0.875914	0.0057
0.0001522753	0.87683	0.0058
0.0001555066	0.877717	0.0059
0.0001588652	0.878568	0.006
0.0001617676	0.879431	0.0061
0.0001651198	0.880297	0.0062
0.0001683031	0.88118	0.0063
0.0001711088	0.882017	0.0064
0.0001741701	0.882871	0.0065
0.0001776534	0.883682	0.0066
0.000180781	0.884499	0.0067
0.0001835335	0.885277	0.0068
0.0001871058	0.88612	0.0069
0.0001903345	0.886937	0.007
0.0001932988	0.887685	0.0071
0.0001962072	0.888505	0.0072
0.0001997743	0.889255	0.0073
0.0002029714	0.890042	0.0074
0.0002058411	0.890817	0.0075
0.0002093132	0.891569	0.0076
0.0002122522	0.892375	0.0077
0.0002154469	0.893132	0.0078
0.0002189706	0.893844	0.0079
0.0002217081	0.894592	0.008
0.0002247484	0.895328	0.0081
0.0002284171	0.896063	0.0082
0.0002308555	0.896801	0.0083
0.0002346425	0.897519	0.0084
0.0002378896	0.898257	0.0085
0.0002410963	0.898967	0.0086
0.000244052	0.899677	0.0087
0.0002472874	0.900356	0.0088
0.0002506103	0.901074	0.0089
0.0002538191	0.901767	0.009
0.0002572093	0.902464	0.0091
0.000260053	0.90316	0.0092
0.0002634872	0.903796	0.0093
0.0002669056	0.904476	0.0094
0.0002698879	0.905205	0.0095
0.0002731605	0.905793	0.0096
0.0002760714	0.906531	0.0097
0.0002795656	0.907208	0.0098
0.0002827881	0.907835	0.0099
0.000286071	0.908452	0.01
0.0002889944	0.909104	0.0101
0.0002921137	0.909784	0.0102
0.0002955919	0.91043	0.0103
0.0002986705	0.911086	0.0104
0.0003017281	0.911746	0.0105
0.0003052538	0.912386	0.0106
0.0003087204	0.912913	0.0107
0.000312237	0.913533	0.0108
0.0003148845	0.914265	0.0109
0.0003179102	0.914895	0.011
0.0003057583	0.91552	0.0111
0.0003241952	0.916153	0.0112
0.0003276528	0.916663	0.0113
0.0003313651	0.917317	0.0114
0.000334299	0.917924	0.0115
0.0003370687	0.918588	0.0116
0.0003411943	0.919162	0.0117
0.0003273843	0.919801	0.0118
0.0003469907	0.920393	0.0119
0.0003503217	0.921016	0.012
0.0003535356	0.921597	0.0121
0.0003575154	0.922103	0.0122
0.0003604293	0.922731	0.0123
0.0003626538	0.923831	0.0124
0.0003662185	0.924397	0.0125
0.0003690393	0.924904	0.0126
0.0003550576	0.925616	0.0127
0.0003759052	0.926025	0.0128
0.0003791271	0.92658	0.0129
0.0003826917	0.927053	0.013
0.000386045	0.927655	0.0131
0.0003892836	0.92819	0.0132
0.0003921606	0.928759	0.0133
0.0003952243	0.929235	0.0134
0.0003985667	0.929827	0.0135
0.0004020606	0.930265	0.0136
0.0004053918	0.930856	0.0137
0.0004085308	0.931413	0.0138
0.0004119218	0.931962	0.0139
0.0004149747	0.932526	0.014
0.0004186581	0.933106	0.0141
0.0003459548	0.933681	0.0142
0.0004251296	0.93419	0.0143
0.0003980778	0.93478	0.0144
0.0004319291	0.93528	0.0145
0.0004348645	0.935829	0.0146
0.0004377115	0.936367	0.0147
0.0004406872	0.936924	0.0148
0.0004444407	0.937435	0.0149
0.000368998	0.937995	0.015
0.0004508721	0.938419	0.0151
0.0004547998	0.938972	0.0152
0.0004576494	0.939488	0.0153
0.0004609803	0.939946	0.0154
0.0004642505	0.940559	0.0155
0.0004674002	0.941088	0.0156
0.0004702215	0.941559	0.0157
0.0004740295	0.942099	0.0158
0.0004770501	0.942625	0.0159
0.0004801409	0.943157	0.016
0.000483983	0.943676	0.0161
0.0004862694	0.944204	0.0162
0.0004899009	0.944728	0.0163
0.0004932997	0.945127	0.0164
0.0004966654	0.945759	0.0165
0.0004989729	0.946278	0.0166
0.0005031003	0.946687	0.0167
0.0005068227	0.947109	0.0168
0.0005096391	0.947679	0.0169
0.0005128973	0.948265	0.017
0.0005157329	0.948775	0.0171
0.0005193102	0.949284	0.0172
0.0005228694	0.949677	0.0173
0.0005258494	0.95019	0.0174
0.0005289043	0.950763	0.0175
0.0005322781	0.951274	0.0176
0.0005351343	0.951741	0.0177
0.0005386788	0.95211	0.0178
0.0005416848	0.952686	0.0179
0.0004943535	0.953214	0.018
0.0005485166	0.953697	0.0181
0.0005504068	0.954675	0.0182
0.0005540684	0.955081	0.0183
0.0005564421	0.955741	0.0184
0.000560955	0.95588	0.0185
0.0005633181	0.956431	0.0186
0.0005676314	0.956768	0.0187
0.0005706618	0.957202	0.0188
0.0005737333	0.957658	0.0189
0.0005770864	0.958198	0.019
0.0005807928	0.958492	0.0191
0.0005835607	0.959023	0.0192
0.0005870182	0.959392	0.0193
0.000590441	0.959951	0.0194
0.0005929067	0.960469	0.0195
0.0005965814	0.960936	0.0196
0.0006000793	0.961381	0.0197
0.0006030197	0.961821	0.0198
0.0006063491	0.962307	0.0199
0.0006089725	0.962775	0.02
0.0006097271	0.962626	0.02
0.0006061282	0.962288	0.0199
0.0006037919	0.96172	0.0198
0.0005997236	0.961361	0.0197
0.0005967903	0.960797	0.0196
0.0005933123	0.96041	0.0195
0.0005905969	0.959793	0.0194
0.0005868663	0.959467	0.0193
0.0005824703	0.959461	0.0192
0.0005798773	0.958679	0.0191
0.0005761544	0.958576	0.019
0.000573459	0.957897	0.0189
0.0005699923	0.957379	0.0188
0.0005676261	0.956854	0.0187
0.0005642963	0.956232	0.0186
0.00056125	0.955724	0.0185
0.0005577002	0.955205	0.0184
0.000554699	0.954821	0.0183
0.0005509579	0.954223	0.0182
0.0005478094	0.953737	0.0181
0.0005443263	0.953337	0.018
0.0005412551	0.952852	0.0179
0.0005387136	0.952289	0.0178
0.0005358354	0.951722	0.0177
0.0005320415	0.951275	0.0176
0.0005289736	0.95085	0.0175
0.0005254718	0.950362	0.0174
0.0005226998	0.949771	0.0173
0.0005184348	0.94932	0.0172
0.0005161448	0.948865	0.0171
0.0005124295	0.948368	0.017
0.0005095771	0.947874	0.0169
0.0005055961	0.947362	0.0168
0.0005024969	0.946857	0.0167
0.0004993462	0.946348	0.0166
0.0004968626	0.945649	0.0165
0.0004935914	0.945253	0.0164
0.0004897467	0.94477	0.0163
0.0004867539	0.944213	0.0162
0.0004837128	0.9437	0.0161
0.000480296	0.943248	0.016
0.000477023	0.942687	0.0159
0.0004735379	0.942181	0.0158
0.0004710876	0.941661	0.0157
0.0003698724	0.941186	0.0156
0.0004642195	0.940648	0.0155
0.0004597126	0.940393	0.0154
0.0004566	0.940002	0.0153
0.0004534283	0.939352	0.0152
0.0004502814	0.938671	0.0151
0.000447554	0.938113	0.015
0.0004449502	0.937547	0.0149
0.0004403497	0.937273	0.0148
0.0004377616	0.936684	0.0147
0.0004340644	0.936088	0.0146
0.0004308501	0.935679	0.0145
0.000383019	0.935068	0.0144
0.000388502	0.934472	0.0143
0.0004211973	0.93386	0.0142
0.0004178899	0.933316	0.0141
0.0004146205	0.932745	0.014
0.0004113405	0.932176	0.0139
0.0004086279	0.93161	0.0138
0.0004054172	0.931038	0.0137
0.0004020358	0.930473	0.0136
0.0003989276	0.92983	0.0135
0.0003957298	0.929332	0.0134
0.0003921907	0.928629	0.0133
0.0003895617	0.928041	0.0132
0.0003858716	0.927468	0.0131
0.0003828226	0.926955	0.013
0.0003792643	0.926393	0.0129
0.0003762577	0.925823	0.0128
0.0003486227	0.925287	0.0127
0.0003698351	0.924685	0.0126
0.0003664098	0.924101	0.0125
0.0003632071	0.923532	0.0124
0.0003599704	0.922863	0.0123
0.0002719304	0.922344	0.0122
0.0003537291	0.921699	0.0121
0.0003502487	0.921163	0.012
0.0003476438	0.920423	0.0119
0.0003444188	0.919948	0.0118
0.0003404841	0.919273	0.0117
0.0003373144	0.918619	0.0116
0.000333903	0.918049	0.0115
0.0003309998	0.917401	0.0114
0.0003278183	0.916854	0.0113
0.0003244684	0.916253	0.0112
0.0003211351	0.915594	0.0111
0.0003101695	0.915025	0.011
0.0003147237	0.914386	0.0109
0.0003119214	0.913758	0.0108
0.0003081582	0.913126	0.0107
0.0003056132	0.912506	0.0106
0.0003015552	0.911873	0.0105
0.0002986608	0.911227	0.0104
0.0002952353	0.910573	0.0103
0.0002924315	0.909878	0.0102
0.0002888971	0.909214	0.0101
0.0002863054	0.908568	0.01
0.0002826285	0.907976	0.0099
0.0002795151	0.907292	0.0098
0.000275775	0.906653	0.0097
0.000273132	0.90599	0.0096
0.0002700206	0.905286	0.0095
0.000255253	0.904637	0.0094
0.0002636105	0.903939	0.0093
0.0002600022	0.90326	0.0092
0.000256346	0.902697	0.0091
0.0002005539	0.901995	0.009
0.0002503387	0.901215	0.0089
0.0002469713	0.900523	0.0088
0.00024368	0.899843	0.0087
0.0002408287	0.899125	0.0086
0.000237576	0.898504	0.0085
0.0002344913	0.897718	0.0084
0.0002311014	0.896966	0.0083
0.0002278581	0.896342	0.0082
0.0002246178	0.895578	0.0081
0.000221437	0.894789	0.008
0.0002182336	0.893989	0.0079
0.0002154897	0.893274	0.0078
0.0002124146	0.892466	0.0077
0.0002088045	0.891746	0.0076
0.0002059318	0.890989	0.0075
0.0002025304	0.890209	0.0074
0.0001993051	0.889395	0.0073
0.0001962195	0.888649	0.0072
0.0001932572	0.887818	0.0071
0.0001899378	0.887055	0.007
0.0001869126	0.886217	0.0069
0.0001834679	0.885523	0.0068
0.0001805597	0.884763	0.0067
0.0001769746	0.883889	0.0066
0.0001740402	0.883036	0.0065
0.0001711867	0.882188	0.0064
0.0001678478	0.881332	0.0063
0.0001648708	0.880468	0.0062
0.0001614122	0.879586	0.0061
0.0001585652	0.878716	0.006
0.0001285621	0.87784	0.0059
0.0001526449	0.876946	0.0058
0.0001494137	0.876001	0.0057
0.0001461725	0.875127	0.0056
0.0001430097	0.874207	0.0055
0.0001398086	0.873273	0.0054
0.0001371575	0.872329	0.0053
0.0001337181	0.87136	0.0052
0.0001309118	0.870385	0.0051
0.0001277178	0.869412	0.005
0.0001245944	0.868395	0.0049
0.0001216798	0.867413	0.0048
0.0001185383	0.866419	0.0047
0.000115517	0.865358	0.0046
0.0001126943	0.864338	0.0045
0.0001095123	0.863267	0.0044
0.0001066802	0.86219	0.0043
0.0001034707	0.861109	0.0042
0.0001006377	0.859959	0.0041
9.796117e-05	0.858851	0.004
9.461443e-05	0.857666	0.0039
9.179344e-05	0.856518	0.0038
8.881805e-05	0.855331	0.0037
8.583058e-05	0.854091	0.0036
8.279899e-05	0.852864	0.0035
8.015804e-05	0.851576	0.0034
7.725157e-05	0.850275	0.0033
7.416525e-05	0.848946	0.0032
7.12335e-05	0.847664	0.0031
6.801615e-05	0.846256	0.003
5.875516e-05	0.844813	0.0029
5.393044e-05	0.843341	0.0028
5.991367e-05	0.841829	0.0027
5.71995e-05	0.840274	0.0026
5.456617e-05	0.838656	0.0025
5.172565e-05	0.837014	0.0024
4.908707e-05	0.835307	0.0023
4.634919e-05	0.833521	0.0022
4.36077e-05	0.831666	0.0021
4.095185e-05	0.829782	0.002
3.849985e-05	0.827783	0.0019
3.592055e-05	0.825697	0.0018
3.319833e-05	0.823497	0.0017
3.076654e-05	0.821195	0.0016
2.821553e-05	0.818773	0.0015
2.299551e-05	0.816214	0.0014
2.341208e-05	0.813456	0.0013
2.105889e-05	0.810508	0.0012
1.881642e-05	0.807313	0.0011
1.660111e-05	0.80387	0.001
1.452636e-05	0.800089	0.0009
1.243437e-05	0.795882	0.0008
1.043875e-05	0.791169	0.0007
8.463559e-06	0.785764	0.0006
6.745253e-06	0.779435	0.0005
5.048357e-06	0.771774	0.0004
3.545663e-06	0.762054	0.0003
2.226914e-06	0.748662	0.0002
1.160305e-06	0.726779	0.0001
4.188511e-07	-0.908242	2.71051e-19
