22.75	2.32135e-09
22.76	3.6831e-09
22.77	3.63866e-09
22.78	3.62754e-09
22.79	3.67128e-09
22.8	4.14051e-09
22.81	3.60454e-09
22.82	3.58211e-09
22.83	3.59385e-09
22.84	3.6574e-09
22.85	3.66319e-09
22.86	3.65691e-09
22.87	4.09642e-09
22.88	3.67016e-09
22.89	3.67924e-09
22.9	3.70365e-09
22.91	3.60512e-09
22.92	3.60495e-09
22.93	3.63899e-09
22.94	4.13048e-09
22.95	3.70828e-09
22.96	3.68934e-09
22.97	3.66794e-09
22.98	3.70252e-09
22.99	3.7092e-09
23.0	3.72137e-09
23.01	4.08762e-09
23.02	3.65123e-09
23.03	3.66646e-09
23.04	3.7349e-09
23.05	3.73412e-09
23.06	3.73059e-09
23.07	3.71956e-09
23.08	4.17538e-09
23.09	3.76328e-09
23.1	3.72477e-09
23.11	3.67918e-09
23.12	3.69329e-09
23.13	3.7223e-09
23.14	3.75856e-09
23.15	4.23118e-09
23.16	3.75381e-09
23.17	3.74678e-09
23.18	3.80921e-09
23.19	3.80327e-09
23.2	3.74275e-09
23.21	3.72205e-09
23.22	4.17409e-09
23.23	3.79024e-09
23.24	3.79996e-09
23.25	3.84545e-09
23.26	3.80989e-09
23.27	3.81535e-09
23.28	3.84209e-09
23.29	4.31889e-09
23.3	3.81205e-09
23.31	3.77531e-09
23.32	3.79884e-09
23.33	3.83525e-09
23.34	3.87175e-09
23.35	4.34494e-09
23.36	3.90791e-09
23.37	3.89032e-09
23.38	3.90629e-09
23.39	3.91767e-09
23.4	3.86797e-09
23.41	3.85091e-09
23.42	4.32642e-09
23.43	3.93332e-09
23.44	3.96121e-09
23.45	3.95856e-09
23.46	3.95129e-09
23.47	3.96521e-09
23.48	3.98368e-09
23.49	4.44109e-09
23.5	3.9369e-09
23.51	3.92643e-09
23.52	3.95455e-09
23.53	3.97367e-09
23.54	4.04779e-09
23.55	4.03159e-09
23.56	4.49617e-09
23.57	4.04671e-09
23.58	4.07294e-09
23.59	4.06655e-09
23.6	4.01914e-09
23.61	4.02865e-09
23.62	4.07377e-09
23.63	4.54403e-09
23.64	4.14463e-09
23.65	4.13075e-09
23.66	4.12747e-09
23.67	4.14828e-09
23.68	4.19663e-09
23.69	4.15807e-09
23.7	4.59615e-09
23.71	4.14878e-09
23.72	4.18603e-09
23.73	4.24542e-09
23.74	4.2817e-09
23.75	4.27097e-09
23.76	4.28696e-09
23.77	4.76047e-09
23.78	4.33714e-09
23.79	4.32469e-09
23.8	4.30827e-09
23.81	4.31881e-09
23.82	4.35988e-09
23.83	4.4171e-09
23.84	4.92564e-09
23.85	4.45697e-09
23.86	4.45598e-09
23.87	4.47626e-09
23.88	4.5429e-09
23.89	4.54279e-09
23.9	4.51902e-09
23.91	4.9583e-09
23.92	4.56222e-09
23.93	4.61806e-09
23.94	4.69545e-09
23.95	4.71789e-09
23.96	4.69925e-09
23.97	5.2029e-09
23.98	4.82198e-09
23.99	4.8437e-09
24.0	4.793e-09
24.01	4.81377e-09
24.02	4.86842e-09
24.03	4.94908e-09
24.04	5.46777e-09
24.05	5.07065e-09
24.06	5.10718e-09
24.07	5.13675e-09
24.08	5.18076e-09
24.09	5.25821e-09
24.1	5.25357e-09
24.11	5.74374e-09
24.12	5.38943e-09
24.13	5.46283e-09
24.14	5.57542e-09
24.15	5.64016e-09
24.16	5.72274e-09
24.17	5.7758e-09
24.18	6.37673e-09
24.19	6.02702e-09
24.2	6.09276e-09
24.21	6.16757e-09
24.22	6.30791e-09
24.23	6.45095e-09
24.24	6.64746e-09
24.25	7.31081e-09
24.26	7.05858e-09
24.27	7.24393e-09
24.28	7.48856e-09
24.29	7.72345e-09
24.3	7.9649e-09
24.31	8.25974e-09
24.32	9.17245e-09
24.33	9.22302e-09
24.34	9.74628e-09
24.35	1.03686e-08
24.36	1.10897e-08
24.37	1.19568e-08
24.38	1.30204e-08
24.39	1.49507e-08
24.4	1.64984e-08
24.41	1.88606e-08
24.42	2.20225e-08
24.43	2.61266e-08
24.44	3.13869e-08
24.45	3.80815e-08
24.46	5.06741e-08
24.47	6.43313e-08
24.48	8.18024e-08
24.49	1.06956e-07
24.5	1.38407e-07
24.51	1.75264e-07
24.52	2.20972e-07
24.53	2.9448e-07
24.54	3.56936e-07
24.55	4.27189e-07
24.56	5.04856e-07
24.57	5.88686e-07
24.58	6.7857e-07
24.59	8.08886e-07
24.6	9.13498e-07
24.61	1.02251e-06
24.62	1.13936e-06
24.63	1.26114e-06
24.64	1.38557e-06
24.65	1.52012e-06
24.66	1.70578e-06
24.67	1.85619e-06
24.68	2.00912e-06
24.69	2.15969e-06
24.7	2.32598e-06
24.71	2.49412e-06
24.72	2.6664e-06
24.73	2.9042e-06
24.74	3.09394e-06
24.75	3.28453e-06
24.76	3.48182e-06
24.77	3.67711e-06
24.78	3.89498e-06
24.79	4.1015e-06
24.8	4.39186e-06
24.81	4.62964e-06
24.82	4.85882e-06
24.83	5.09062e-06
24.84	5.34092e-06
24.85	5.58248e-06
24.86	5.83675e-06
24.87	6.17676e-06
24.88	6.44495e-06
24.89	6.71894e-06
24.9	6.99713e-06
24.91	7.26673e-06
24.92	7.56038e-06
24.93	7.8546e-06
24.94	8.24176e-06
24.95	8.5299e-06
24.96	8.83447e-06
24.97	9.16024e-06
24.98	9.47024e-06
24.99	9.79747e-06
