22.75	2.42375e-09
22.76	3.75042e-09
22.77	3.74782e-09
22.78	3.74621e-09
22.79	3.75389e-09
22.8	4.26093e-09
22.81	3.77135e-09
22.82	3.77846e-09
22.83	3.80253e-09
22.84	3.79084e-09
22.85	3.7873e-09
22.86	3.71416e-09
22.87	4.14559e-09
22.88	3.75729e-09
22.89	3.80664e-09
22.9	3.81945e-09
22.91	3.79522e-09
22.92	3.77946e-09
22.93	3.80967e-09
22.94	4.29094e-09
22.95	3.78253e-09
22.96	3.74067e-09
22.97	3.75632e-09
22.98	3.76291e-09
22.99	3.84369e-09
23.0	3.85453e-09
23.01	4.28754e-09
23.02	3.8451e-09
23.03	3.83695e-09
23.04	3.84403e-09
23.05	3.80169e-09
23.06	3.78597e-09
23.07	3.78004e-09
23.08	4.27198e-09
23.09	3.88403e-09
23.1	3.8731e-09
23.11	3.87356e-09
23.12	3.84109e-09
23.13	3.87757e-09
23.14	3.89723e-09
23.15	4.28196e-09
23.16	3.83517e-09
23.17	3.85057e-09
23.18	3.85556e-09
23.19	3.91296e-09
23.2	3.93991e-09
23.21	3.92706e-09
23.22	4.31315e-09
23.23	3.94895e-09
23.24	3.94617e-09
23.25	3.86566e-09
23.26	3.88933e-09
23.27	3.901e-09
23.28	3.93517e-09
23.29	4.46317e-09
23.3	3.99616e-09
23.31	4.00231e-09
23.32	3.96196e-09
23.33	3.99117e-09
23.34	4.02706e-09
23.35	4.35607e-09
23.36	3.94419e-09
23.37	3.95961e-09
23.38	3.9943e-09
23.39	4.0341e-09
23.4	4.06166e-09
23.41	4.04248e-09
23.42	4.50264e-09
23.43	4.09976e-09
23.44	4.07439e-09
23.45	4.00245e-09
23.46	4.01379e-09
23.47	4.04675e-09
23.48	4.0783e-09
23.49	4.60916e-09
23.5	4.11888e-09
23.51	4.10144e-09
23.52	4.14001e-09
23.53	4.17423e-09
23.54	4.15074e-09
23.55	4.10256e-09
23.56	4.55489e-09
23.57	4.15716e-09
23.58	4.18313e-09
23.59	4.22784e-09
23.6	4.19757e-09
23.61	4.20343e-09
23.62	4.1955e-09
23.63	4.6869e-09
23.64	4.21836e-09
23.65	4.17994e-09
23.66	4.201e-09
23.67	4.25485e-09
23.68	4.31503e-09
23.69	4.35444e-09
23.7	4.80289e-09
23.71	4.33749e-09
23.72	4.35286e-09
23.73	4.38943e-09
23.74	4.36696e-09
23.75	4.34206e-09
23.76	4.36578e-09
23.77	4.84784e-09
23.78	4.45324e-09
23.79	4.5038e-09
23.8	4.47128e-09
23.81	4.49902e-09
23.82	4.52429e-09
23.83	4.56919e-09
23.84	4.96329e-09
23.85	4.50414e-09
23.86	4.52691e-09
23.87	4.58963e-09
23.88	4.6311e-09
23.89	4.68444e-09
23.9	4.67365e-09
23.91	5.15243e-09
23.92	4.73019e-09
23.93	4.77792e-09
23.94	4.78255e-09
23.95	4.74579e-09
23.96	4.75992e-09
23.97	5.24801e-09
23.98	4.89086e-09
23.99	4.93437e-09
24.0	4.99843e-09
24.01	4.9929e-09
24.02	5.02239e-09
24.03	5.09429e-09
24.04	5.56782e-09
24.05	5.07249e-09
24.06	5.14854e-09
24.07	5.17031e-09
24.08	5.2681e-09
24.09	5.34217e-09
24.1	5.38357e-09
24.11	5.90795e-09
24.12	5.50694e-09
24.13	5.5624e-09
24.14	5.62614e-09
24.15	5.65724e-09
24.16	5.70822e-09
24.17	5.78394e-09
24.18	6.33156e-09
24.19	6.01432e-09
24.2	6.12704e-09
24.21	6.23814e-09
24.22	6.32685e-09
24.23	6.44656e-09
24.24	6.60427e-09
24.25	7.17781e-09
24.26	6.84147e-09
24.27	6.99836e-09
24.28	7.21598e-09
24.29	7.43898e-09
24.3	7.68126e-09
24.31	7.95714e-09
24.32	8.69892e-09
24.33	8.65289e-09
24.34	9.0444e-09
24.35	9.43552e-09
24.36	9.89845e-09
24.37	1.04903e-08
24.38	1.12345e-08
24.39	1.28054e-08
24.4	1.3615e-08
24.41	1.49969e-08
24.42	1.67801e-08
24.43	1.89101e-08
24.44	2.16701e-08
24.45	2.56843e-08
24.46	3.27885e-08
24.47	4.02483e-08
24.48	5.01299e-08
24.49	6.2793e-08
24.5	7.96117e-08
24.51	1.0512e-07
24.52	1.35618e-07
24.53	1.86426e-07
24.54	2.32964e-07
24.55	2.87042e-07
24.56	3.50103e-07
24.57	4.2075e-07
24.58	4.97481e-07
24.59	6.12037e-07
24.6	7.05562e-07
24.61	8.03403e-07
24.62	9.10702e-07
24.63	1.02456e-06
24.64	1.14184e-06
24.65	1.26918e-06
24.66	1.44302e-06
24.67	1.57983e-06
24.68	1.72316e-06
24.69	1.87083e-06
24.7	2.02403e-06
24.71	2.18367e-06
24.72	2.34956e-06
24.73	2.58103e-06
24.74	2.75944e-06
24.75	2.93558e-06
24.76	3.13116e-06
24.77	3.33184e-06
24.78	3.53363e-06
24.79	3.74162e-06
24.8	4.03401e-06
24.81	4.24646e-06
24.82	4.46868e-06
24.83	4.7172e-06
24.84	4.93927e-06
24.85	5.18785e-06
24.86	5.43934e-06
24.87	5.76906e-06
24.88	6.04605e-06
24.89	6.29094e-06
24.9	6.57749e-06
24.91	6.85137e-06
24.92	7.12672e-06
24.93	7.41883e-06
24.94	7.81804e-06
24.95	8.11858e-06
24.96	8.41464e-06
24.97	8.72396e-06
24.98	9.02971e-06
24.99	9.35049e-06
