22.75	3.68943e-09
22.76	5.08919e-09
22.77	5.08792e-09
22.78	5.02764e-09
22.79	4.99278e-09
22.8	5.55016e-09
22.81	5.06405e-09
22.82	4.97478e-09
22.83	5.00506e-09
22.84	5.00172e-09
22.85	5.04262e-09
22.86	5.06562e-09
22.87	5.52983e-09
22.88	5.03882e-09
22.89	5.07902e-09
22.9	5.09399e-09
22.91	5.06494e-09
22.92	5.02104e-09
22.93	5.01665e-09
22.94	5.47158e-09
22.95	5.1123e-09
22.96	5.09387e-09
22.97	5.05046e-09
22.98	5.06877e-09
22.99	5.08455e-09
23.0	5.11069e-09
23.01	5.52351e-09
23.02	5.04736e-09
23.03	5.07838e-09
23.04	5.0831e-09
23.05	5.12912e-09
23.06	5.14694e-09
23.07	5.11546e-09
23.08	5.58021e-09
23.09	5.21975e-09
23.1	5.16359e-09
23.11	5.07733e-09
23.12	5.06333e-09
23.13	5.10842e-09
23.14	5.14301e-09
23.15	5.63313e-09
23.16	5.19309e-09
23.17	5.18289e-09
23.18	5.17898e-09
23.19	5.21243e-09
23.2	5.22125e-09
23.21	5.136e-09
23.22	5.57835e-09
23.23	5.18452e-09
23.24	5.22585e-09
23.25	5.24867e-09
23.26	5.30043e-09
23.27	5.24923e-09
23.28	5.22611e-09
23.29	5.74192e-09
23.3	5.2792e-09
23.31	5.21172e-09
23.32	5.18479e-09
23.33	5.23372e-09
23.34	5.22659e-09
23.35	5.76862e-09
23.36	5.32997e-09
23.37	5.28517e-09
23.38	5.32331e-09
23.39	5.33683e-09
23.4	5.30958e-09
23.41	5.28853e-09
23.42	5.71196e-09
23.43	5.33077e-09
23.44	5.38636e-09
23.45	5.40541e-09
23.46	5.35842e-09
23.47	5.36617e-09
23.48	5.40744e-09
23.49	5.92036e-09
23.5	5.38046e-09
23.51	5.34822e-09
23.52	5.41447e-09
23.53	5.42407e-09
23.54	5.47667e-09
23.55	5.48546e-09
23.56	5.90894e-09
23.57	5.46796e-09
23.58	5.50562e-09
23.59	5.52938e-09
23.6	5.45346e-09
23.61	5.46118e-09
23.62	5.49582e-09
23.63	5.95937e-09
23.64	5.56909e-09
23.65	5.58721e-09
23.66	5.57387e-09
23.67	5.5828e-09
23.68	5.60762e-09
23.69	5.63508e-09
23.7	6.02351e-09
23.71	5.59525e-09
23.72	5.60006e-09
23.73	5.63533e-09
23.74	5.66882e-09
23.75	5.72253e-09
23.76	5.69708e-09
23.77	6.15114e-09
23.78	5.72828e-09
23.79	5.76272e-09
23.8	5.73299e-09
23.81	5.71973e-09
23.82	5.72099e-09
23.83	5.77211e-09
23.84	6.28467e-09
23.85	5.86733e-09
23.86	5.87747e-09
23.87	5.86489e-09
23.88	5.88832e-09
23.89	5.92816e-09
23.9	5.91111e-09
23.91	6.33711e-09
23.92	5.90389e-09
23.93	5.94641e-09
23.94	5.96523e-09
23.95	6.0361e-09
23.96	6.06629e-09
23.97	6.51139e-09
23.98	6.10682e-09
23.99	6.11551e-09
24.0	6.15808e-09
24.01	6.10541e-09
24.02	6.13755e-09
24.03	6.17142e-09
24.04	6.64657e-09
24.05	6.29547e-09
24.06	6.31585e-09
24.07	6.33191e-09
24.08	6.3489e-09
24.09	6.39725e-09
24.1	6.4248e-09
24.11	6.84499e-09
24.12	6.43314e-09
24.13	6.47864e-09
24.14	6.52994e-09
24.15	6.6066e-09
24.16	6.65326e-09
24.17	6.68437e-09
24.18	7.17818e-09
24.19	6.78394e-09
24.2	6.82476e-09
24.21	6.83038e-09
24.22	6.86655e-09
24.23	6.92623e-09
24.24	7.01946e-09
24.25	7.52726e-09
24.26	7.18888e-09
24.27	7.20712e-09
24.28	7.29933e-09
24.29	7.31527e-09
24.3	7.39529e-09
24.31	7.48582e-09
24.32	8.06166e-09
24.33	7.72011e-09
24.34	7.85143e-09
24.35	7.97983e-09
24.36	8.09413e-09
24.37	8.22892e-09
24.38	8.32175e-09
24.39	8.93568e-09
24.4	8.64137e-09
24.41	8.74012e-09
24.42	8.83701e-09
24.43	9.04235e-09
24.44	9.25052e-09
24.45	9.4823e-09
24.46	1.02467e-08
24.47	1.01681e-08
24.48	1.05162e-08
24.49	1.08633e-08
24.5	1.12888e-08
24.51	1.16599e-08
24.52	1.2247e-08
24.53	1.34675e-08
24.54	1.3954e-08
24.55	1.50115e-08
24.56	1.6101e-08
24.57	1.75255e-08
24.58	1.9292e-08
24.59	2.22783e-08
24.6	2.50197e-08
24.61	2.90879e-08
24.62	3.42981e-08
24.63	4.09548e-08
24.64	4.97501e-08
24.65	6.151e-08
24.66	8.19375e-08
24.67	1.07681e-07
24.68	1.40053e-07
24.69	1.76922e-07
24.7	2.23862e-07
24.71	2.79538e-07
24.72	3.44827e-07
24.73	4.47573e-07
24.74	5.34865e-07
24.75	6.33932e-07
24.76	7.40706e-07
24.77	8.55196e-07
24.78	9.74835e-07
24.79	1.10687e-06
24.8	1.28724e-06
24.81	1.4363e-06
24.82	1.58829e-06
24.83	1.7498e-06
24.84	1.92254e-06
24.85	2.09877e-06
24.86	2.28117e-06
24.87	2.53433e-06
24.88	2.7325e-06
24.89	2.94065e-06
24.9	3.15573e-06
24.91	3.37719e-06
24.92	3.60324e-06
24.93	3.83776e-06
24.94	4.1683e-06
24.95	4.42642e-06
24.96	4.67883e-06
24.97	4.94908e-06
24.98	5.22272e-06
24.99	5.50763e-06
