22.75	3.73018e-09
22.76	4.99848e-09
22.77	5.0411e-09
22.78	5.00902e-09
22.79	5.01915e-09
22.8	5.5029e-09
22.81	5.07044e-09
22.82	5.02436e-09
22.83	5.05769e-09
22.84	5.05662e-09
22.85	5.09597e-09
22.86	5.03074e-09
22.87	5.46141e-09
22.88	5.02701e-09
22.89	5.07883e-09
22.9	5.09222e-09
22.91	5.10352e-09
22.92	5.08111e-09
22.93	5.08817e-09
22.94	5.58497e-09
22.95	5.11134e-09
22.96	5.03587e-09
22.97	5.03808e-09
22.98	5.06182e-09
22.99	5.11069e-09
23.0	5.13674e-09
23.01	5.58708e-09
23.02	5.12282e-09
23.03	5.13146e-09
23.04	5.13583e-09
23.05	5.06748e-09
23.06	5.10087e-09
23.07	5.11767e-09
23.08	5.58243e-09
23.09	5.17156e-09
23.1	5.19394e-09
23.11	5.16351e-09
23.12	5.13813e-09
23.13	5.18123e-09
23.14	5.21162e-09
23.15	5.58965e-09
23.16	5.14926e-09
23.17	5.1742e-09
23.18	5.18589e-09
23.19	5.21481e-09
23.2	5.22324e-09
23.21	5.19613e-09
23.22	5.67625e-09
23.23	5.25736e-09
23.24	5.24474e-09
23.25	5.21531e-09
23.26	5.19792e-09
23.27	5.23469e-09
23.28	5.24913e-09
23.29	5.75444e-09
23.3	5.24603e-09
23.31	5.27954e-09
23.32	5.29941e-09
23.33	5.32681e-09
23.34	5.24482e-09
23.35	5.72832e-09
23.36	5.27802e-09
23.37	5.30064e-09
23.38	5.33243e-09
23.39	5.36793e-09
23.4	5.33853e-09
23.41	5.34106e-09
23.42	5.84579e-09
23.43	5.42026e-09
23.44	5.31569e-09
23.45	5.34601e-09
23.46	5.35783e-09
23.47	5.39864e-09
23.48	5.43166e-09
23.49	5.89498e-09
23.5	5.41346e-09
23.51	5.44287e-09
23.52	5.49628e-09
23.53	5.41713e-09
23.54	5.41956e-09
23.55	5.44415e-09
23.56	5.92452e-09
23.57	5.52224e-09
23.58	5.52685e-09
23.59	5.50975e-09
23.6	5.50739e-09
23.61	5.55482e-09
23.62	5.57532e-09
23.63	5.94295e-09
23.64	5.51797e-09
23.65	5.54894e-09
23.66	5.56728e-09
23.67	5.6136e-09
23.68	5.61877e-09
23.69	5.61444e-09
23.7	6.0915e-09
23.71	5.66144e-09
23.72	5.68399e-09
23.73	5.62019e-09
23.74	5.64295e-09
23.75	5.66024e-09
23.76	5.68535e-09
23.77	6.18997e-09
23.78	5.77075e-09
23.79	5.75014e-09
23.8	5.74926e-09
23.81	5.80789e-09
23.82	5.83057e-09
23.83	5.76173e-09
23.84	6.23714e-09
23.85	5.82908e-09
23.86	5.84822e-09
23.87	5.88061e-09
23.88	5.92335e-09
23.89	5.88827e-09
23.9	5.90953e-09
23.91	6.44114e-09
23.92	5.99855e-09
23.93	5.95555e-09
23.94	5.95689e-09
23.95	6.00932e-09
23.96	6.03728e-09
23.97	6.53685e-09
23.98	6.13673e-09
23.99	6.1209e-09
24.0	6.14914e-09
24.01	6.18968e-09
24.02	6.21693e-09
24.03	6.17354e-09
24.04	6.63046e-09
24.05	6.24867e-09
24.06	6.29649e-09
24.07	6.35747e-09
24.08	6.39526e-09
24.09	6.40163e-09
24.1	6.41345e-09
24.11	6.95243e-09
24.12	6.51176e-09
24.13	6.48531e-09
24.14	6.51832e-09
24.15	6.58386e-09
24.16	6.63874e-09
24.17	6.71608e-09
24.18	7.21161e-09
24.19	6.78506e-09
24.2	6.83925e-09
24.21	6.90566e-09
24.22	6.93374e-09
24.23	6.93991e-09
24.24	6.99605e-09
24.25	7.51272e-09
24.26	7.13525e-09
24.27	7.24657e-09
24.28	7.31788e-09
24.29	7.36663e-09
24.3	7.44522e-09
24.31	7.556e-09
24.32	8.05628e-09
24.33	7.67459e-09
24.34	7.77982e-09
24.35	7.89336e-09
24.36	8.0042e-09
24.37	8.14536e-09
24.38	8.28787e-09
24.39	8.86035e-09
24.4	8.61219e-09
24.41	8.76455e-09
24.42	8.92726e-09
24.43	9.06471e-09
24.44	9.27554e-09
24.45	9.50127e-09
24.46	1.02661e-08
24.47	1.01676e-08
24.48	1.0489e-08
24.49	1.08438e-08
24.5	1.12452e-08
24.51	1.17116e-08
24.52	1.2164e-08
24.53	1.3363e-08
24.54	1.38707e-08
24.55	1.47775e-08
24.56	1.5966e-08
24.57	1.73311e-08
24.58	1.89633e-08
24.59	2.20042e-08
24.6	2.46077e-08
24.61	2.8471e-08
24.62	3.34457e-08
24.63	3.9861e-08
24.64	4.81244e-08
24.65	5.93628e-08
24.66	7.92727e-08
24.67	1.04725e-07
24.68	1.34681e-07
24.69	1.71224e-07
24.7	2.15493e-07
24.71	2.69581e-07
24.72	3.34193e-07
24.73	4.34762e-07
24.74	5.21086e-07
24.75	6.1848e-07
24.76	7.2525e-07
24.77	8.37493e-07
24.78	9.59834e-07
24.79	1.08983e-06
24.8	1.27197e-06
24.81	1.42033e-06
24.82	1.56984e-06
24.83	1.73485e-06
24.84	1.89532e-06
24.85	2.06718e-06
24.86	2.25145e-06
24.87	2.50908e-06
24.88	2.70831e-06
24.89	2.91169e-06
24.9	3.13159e-06
24.91	3.34536e-06
24.92	3.57283e-06
24.93	3.80814e-06
24.94	4.1266e-06
24.95	4.38933e-06
24.96	4.64779e-06
24.97	4.91095e-06
24.98	5.18506e-06
24.99	5.46741e-06
