N	R	I
0	893.961	9.7e-05
1	893.961	9.7e-05
2	893.977	9.7e-05
3	893.969	9.7e-05
4	893.948	9.7e-05
5	893.981	9.7e-05
6	893.999	9.7e-05
7	894.001	9.7e-05
8	893.976	9.7e-05
9	893.976	9.7e-05
10	893.983	9.7e-05
11	893.981	9.7e-05
12	894.006	9.7e-05
13	894.002	9.7e-05
14	893.99	9.7e-05
15	893.979	9.7e-05
16	893.983	9.7e-05
17	893.985	9.7e-05
18	893.988	9.7e-05
19	893.995	9.7e-05
20	894.001	9.7e-05
21	893.973	9.7e-05
22	893.979	9.7e-05
23	893.974	9.7e-05
24	893.989	9.7e-05
25	893.955	9.7e-05
26	893.992	9.7e-05
27	893.972	9.7e-05
28	893.987	9.7e-05
29	893.993	9.7e-05
30	893.992	9.7e-05
31	894.003	9.7e-05
32	893.99	9.7e-05
33	893.994	9.7e-05
34	894.004	9.7e-05
35	894.002	9.7e-05
36	894.006	9.7e-05
37	893.99	9.7e-05
38	894.005	9.7e-05
39	893.997	9.7e-05
40	894.003	9.7e-05
41	894.01	9.7e-05
42	893.988	9.7e-05
43	893.975	9.7e-05
44	894.005	9.7e-05
45	893.986	9.7e-05
46	893.993	9.7e-05
47	893.997	9.7e-05
48	893.988	9.7e-05
49	893.977	9.7e-05
50	893.995	9.7e-05
51	893.972	9.7e-05
52	893.988	9.7e-05
53	894.009	9.7e-05
54	893.995	9.7e-05
55	893.985	9.7e-05
56	893.986	9.7e-05
57	893.985	9.7e-05
58	893.999	9.7e-05
59	893.994	9.7e-05
60	893.989	9.7e-05
61	893.99	9.7e-05
62	894.001	9.7e-05
63	893.998	9.7e-05
64	893.993	9.7e-05
65	893.982	9.7e-05
66	893.984	9.7e-05
67	893.982	9.7e-05
68	893.98	9.7e-05
69	893.968	9.7e-05
70	893.969	9.7e-05
71	893.965	9.7e-05
72	893.959	9.7e-05
73	893.974	9.7e-05
74	893.967	9.7e-05
75	893.976	9.7e-05
76	893.976	9.7e-05
77	893.962	9.7e-05
78	893.977	9.7e-05
79	893.992	9.7e-05
80	893.988	9.7e-05
81	894.002	9.7e-05
82	893.993	9.7e-05
83	893.988	9.7e-05
84	894.005	9.7e-05
85	893.993	9.7e-05
86	893.993	9.7e-05
87	893.992	9.7e-05
88	893.988	9.7e-05
89	893.989	9.7e-05
90	893.979	9.7e-05
91	893.981	9.7e-05
92	893.981	9.7e-05
93	893.991	9.7e-05
94	893.998	9.7e-05
95	893.983	9.7e-05
96	893.975	9.7e-05
97	893.993	9.7e-05
98	893.988	9.7e-05
99	893.976	9.7e-05
100	893.99	9.7e-05
101	893.993	9.7e-05
102	893.998	9.7e-05
103	894.023	9.7e-05
104	893.986	9.7e-05
105	893.974	9.7e-05
106	893.968	9.7e-05
107	893.993	9.7e-05
108	893.998	9.7e-05
109	893.986	9.7e-05
110	893.973	9.7e-05
111	893.991	9.7e-05
112	893.981	9.7e-05
113	894.0	9.7e-05
114	893.987	9.7e-05
115	893.983	9.7e-05
116	893.996	9.7e-05
117	893.992	9.7e-05
118	893.991	9.7e-05
119	894.014	9.7e-05
120	893.987	9.7e-05
121	893.979	9.7e-05
122	893.98	9.7e-05
123	893.977	9.7e-05
124	893.986	9.7e-05
125	893.984	9.7e-05
126	893.971	9.7e-05
127	893.978	9.7e-05
128	893.97	9.7e-05
129	893.984	9.7e-05
130	893.985	9.7e-05
131	893.988	9.7e-05
132	893.987	9.7e-05
133	893.967	9.7e-05
134	893.975	9.7e-05
135	893.978	9.7e-05
136	893.981	9.7e-05
137	893.992	9.7e-05
138	893.992	9.7e-05
139	894.006	9.7e-05
140	894.002	9.7e-05
141	894.0	9.7e-05
142	893.994	9.7e-05
143	894.002	9.7e-05
144	893.982	9.7e-05
145	893.974	9.7e-05
146	893.987	9.7e-05
147	893.987	9.7e-05
148	893.978	9.7e-05
149	893.97	9.7e-05
150	893.978	9.7e-05
151	893.95	9.7e-05
152	893.947	9.7e-05
153	893.972	9.7e-05
154	893.99	9.7e-05
155	893.955	9.7e-05
156	893.974	9.7e-05
157	893.967	9.7e-05
158	893.976	9.7e-05
159	893.994	9.7e-05
160	893.978	9.7e-05
161	893.964	9.7e-05
162	893.987	9.7e-05
163	893.986	9.7e-05
164	893.99	9.7e-05
165	893.995	9.7e-05
166	894.001	9.7e-05
167	893.993	9.7e-05
168	893.989	9.7e-05
169	893.995	9.7e-05
170	894.012	9.7e-05
171	893.968	9.7e-05
172	893.988	9.7e-05
173	894.013	9.7e-05
174	893.991	9.7e-05
175	893.983	9.7e-05
176	893.977	9.7e-05
177	893.975	9.7e-05
178	893.991	9.7e-05
179	893.992	9.7e-05
180	893.987	9.7e-05
181	894.019	9.7e-05
182	893.987	9.7e-05
183	893.984	9.7e-05
184	893.992	9.7e-05
185	893.971	9.7e-05
186	893.98	9.7e-05
187	893.984	9.7e-05
188	893.974	9.7e-05
189	893.993	9.7e-05
190	894.004	9.7e-05
191	893.984	9.7e-05
192	893.998	9.7e-05
193	893.994	9.7e-05
194	894.001	9.7e-05
195	894.011	9.7e-05
196	893.994	9.7e-05
197	894.002	9.7e-05
198	893.991	9.7e-05
199	894.011	9.7e-05
200	894.011	9.7e-05
201	894.0	9.7e-05
202	894.015	9.7e-05
203	893.999	9.7e-05
204	893.981	9.7e-05
205	893.99	9.7e-05
206	893.997	9.7e-05
207	893.999	9.7e-05
208	894.007	9.7e-05
209	893.988	9.7e-05
210	894.008	9.7e-05
211	893.989	9.7e-05
212	893.999	9.7e-05
213	893.981	9.7e-05
214	893.98	9.7e-05
215	893.993	9.7e-05
216	893.991	9.7e-05
217	893.981	9.7e-05
218	893.966	9.7e-05
219	894.004	9.7e-05
220	893.993	9.7e-05
221	894.005	9.7e-05
222	894.002	9.7e-05
223	893.989	9.7e-05
224	893.992	9.7e-05
