2.205000000000000071e+01	5.441000000000000003e-02	-3.163374170278704511e+01	3.481567576686532807e-20
2.210000000000000142e+01	5.442000000000000309e-02	2.558859603723962969e-02	1.252608366995797510e-26
2.214999999999999858e+01	5.443000000000000616e-02	5.408291526945016026e-01	5.553722993170412716e-24
2.219999999999999929e+01	5.444000000000000228e-02	-4.933822039053406550e-02	4.655393893480639241e-26
2.225000000000000000e+01	5.445000000000000534e-02	-5.865782746445069584e-01	6.529233297091518018e-24
2.230000000000000071e+01	5.446000000000000146e-02	1.342136429950434307e-01	3.448723009870607317e-25
2.235000000000000142e+01	5.447000000000000453e-02	9.404380554908977619e-01	1.685974696577689993e-23
2.239999999999999858e+01	5.448000000000000065e-02	-3.504808905792899387e-01	2.345228029310392776e-24
2.244999999999999929e+01	5.449000000000000371e-02	2.216132163614174463e-02	9.479139594456690907e-27
2.250000000000000000e+01	5.450000000000000677e-02	2.190407153128628714e-01	9.144725972462626051e-25
2.255000000000000071e+01	5.451000000000000290e-02	-4.526967880099777020e-01	3.933449650823697613e-24
2.260000000000000142e+01	5.452000000000000596e-02	-6.630814495535396480e-01	8.332731961818115872e-24
2.264999999999999858e+01	5.453000000000000208e-02	-5.542070917848067151e-03	5.860484755266499376e-28
2.269999999999999929e+01	5.454000000000000514e-02	6.259138535291342009e-01	7.421223791060914290e-24
2.275000000000000000e+01	5.455000000000000127e-02	3.998951515296284009e-02	3.052630077007193607e-26
2.280000000000000071e+01	5.456000000000000433e-02	-5.505852304280225429e-01	5.747947957892285813e-24
2.285000000000000142e+01	5.457000000000000045e-02	2.999272023549252597e-01	1.724717937446468098e-24
2.289999999999999858e+01	5.458000000000000351e-02	9.844825734603395162e-01	1.848024218766919634e-23
2.294999999999999929e+01	5.458999999999999964e-02	-5.628493541303534187e-01	6.053431201429865222e-24
2.300000000000000000e+01	5.460000000000000270e-02	-4.478656837364069498e-01	3.851057461361299453e-24
2.305000000000000071e+01	5.461000000000000576e-02	1.145317025380230974e-01	2.492080415206791300e-25
2.310000000000000142e+01	5.462000000000000188e-02	-1.181501078990688236e-01	2.660608717952544635e-25
2.314999999999999858e+01	5.463000000000000494e-02	-5.523607298812963640e-01	5.764053576165834454e-24
2.319999999999999929e+01	5.464000000000000107e-02	1.559139648502938340e-02	4.627115813988183359e-27
2.325000000000000000e+01	5.465000000000000413e-02	6.685669055397649441e-01	8.457050811867340842e-24
2.330000000000000071e+01	5.466000000000000025e-02	2.035271638026374952e-01	7.906950183557147499e-25
2.335000000000000142e+01	5.467000000000000332e-02	-3.858385694522900589e-01	2.826880396765750230e-24
2.339999999999999858e+01	5.468000000000000638e-02	3.323804748189662650e-01	2.123438192666752363e-24
2.344999999999999929e+01	5.469000000000000250e-02	6.989427983618454743e-01	9.313869590017104356e-24
2.350000000000000000e+01	5.470000000000000556e-02	-1.204264046435985058e+00	2.756478691979074075e-23
2.355000000000000071e+01	5.471000000000000169e-02	-4.787026771394581326e-01	4.381327583854986353e-24
2.360000000000000142e+01	5.472000000000000475e-02	5.406690593357718067e-01	5.508996100334669109e-24
2.364999999999999858e+01	5.473000000000000087e-02	1.683879581662590941e-02	5.389071664491988779e-27
2.369999999999999929e+01	5.474000000000000393e-02	-5.359669188767617332e-01	5.413913897583697310e-24
2.375000000000000000e+01	5.475000000000000006e-02	1.276909796727638269e-01	3.104689667172863046e-25
2.380000000000000071e+01	5.476000000000000312e-02	7.986096079530212721e-01	1.206049144146067517e-23
2.385000000000000142e+01	5.477000000000000618e-02	-3.515616266463994499e-01	2.346685838259395360e-24
2.389999999999999858e+01	5.478000000000000230e-02	3.625153001394416097e-01	2.522438685183190460e-24
2.394999999999999929e+01	5.479000000000000536e-02	5.795376908432078311e-01	6.395712465036559931e-24
2.400000000000000000e+01	5.480000000000000149e-02	-4.864087701531892849e-01	4.533956492726033809e-24
2.405000000000000071e+01	5.481000000000000455e-02	-8.443972693371772920e-01	1.353160731048151451e-23
2.410000000000000142e+01	5.482000000000000067e-02	2.096241083272451233e-01	8.390821476137316245e-25
2.414999999999999858e+01	5.483000000000000373e-02	8.233789345439148644e-01	1.286286719508712170e-23
2.419999999999999929e+01	5.483999999999999986e-02	2.268853856198078944e-01	9.885096262284813084e-25
2.425000000000000000e+01	5.485000000000000292e-02	-2.807693138191229565e-01	1.506103779173092237e-24
2.430000000000000071e+01	5.486000000000000598e-02	4.002461543942686939e-01	3.101393729633746945e-24
2.435000000000000142e+01	5.487000000000000210e-02	1.145205732275685451e+00	2.533951292902644241e-23
2.439999999999999858e+01	5.488000000000000517e-02	-1.470097982576218654e-01	4.197841816628225440e-25
2.444999999999999929e+01	5.489000000000000129e-02	6.274628111971126965e-02	7.727620434912461286e-26
2.450000000000000000e+01	5.490000000000000435e-02	3.054926515988572455e-01	1.816498486720208269e-24
2.455000000000000071e+01	5.491000000000000048e-02	7.211383779321477172e-02	1.022535279241074046e-25
2.460000000000000142e+01	5.492000000000000354e-02	5.849820351550127223e-02	6.692481640394895577e-26
2.464999999999999858e+01	5.493000000000000660e-02	3.335113684937430767e-01	2.198824985498704174e-24
2.469999999999999929e+01	5.494000000000000272e-02	6.255749245190145302e-01	7.722883513722227450e-24
2.475000000000000000e+01	5.495000000000000578e-02	4.839099065269101274e-01	4.679725000374730699e-24
2.480000000000000071e+01	5.496000000000000191e-02	3.816007309495223487e-01	2.912381929197861258e-24
2.485000000000000142e+01	5.497000000000000497e-02	9.268095367927203787e-01	1.749568419468504718e-23
2.489999999999999858e+01	5.498000000000000109e-02	1.109814172251822662e+00	2.513500378464978769e-23
2.494999999999999929e+01	5.499000000000000415e-02	-2.285632400726941293e-01	1.074186558363346197e-24
2.500000000000000000e+01	5.500000000000000028e-02	-3.237109398625832163e-02	2.170054617887850709e-26
2.505000000000000071e+01	5.501000000000000334e-02	5.077432936343062586e-01	5.321333423966785493e-24
2.510000000000000142e+01	5.501999999999999946e-02	5.255886220085713711e-01	5.759832427145020717e-24
2.514999999999999858e+01	5.503000000000000252e-02	1.261932279674909396e-01	3.315831781310721003e-25
2.519999999999999929e+01	5.504000000000000559e-02	2.533672570167910254e-01	1.353071058301772809e-24
2.525000000000000000e+01	5.505000000000000171e-02	1.081197299303217507e+00	2.475467303479399356e-23
2.530000000000000071e+01	5.506000000000000477e-02	7.867825927338948366e-01	1.324019546597282309e-23
2.535000000000000142e+01	5.507000000000000089e-02	2.814806372728089201e-01	1.710403633108704070e-24
2.539999999999999858e+01	5.508000000000000396e-02	6.755797527072033848e-01	9.968062265738935039e-24
2.544999999999999929e+01	5.509000000000000008e-02	8.436220766859516829e-01	1.561481518835205846e-23
2.550000000000000000e+01	5.510000000000000314e-02	-2.151775259071919966e-01	1.017971405091582393e-24
2.555000000000000071e+01	5.511000000000000620e-02	2.060593801751881560e-01	9.459333336535630505e-25
2.560000000000000142e+01	5.512000000000000233e-02	8.340198196243283624e-01	1.543209886448002887e-23
2.564999999999999858e+01	5.513000000000000539e-02	9.318245285247602760e-01	1.967332743414999078e-23
2.569999999999999929e+01	5.514000000000000151e-02	1.275420445689407378e+00	3.723921367747491145e-23
2.575000000000000000e+01	5.515000000000000457e-02	2.245545380384100786e-01	1.162484231380509578e-24
2.580000000000000071e+01	5.516000000000000070e-02	6.630304455035250788e-01	1.036549194099167566e-23
2.585000000000000142e+01	5.517000000000000376e-02	8.462210330345368847e-01	1.678157270389760432e-23
2.589999999999999858e+01	5.517999999999999988e-02	-4.935382716453698415e-01	5.758391251552670110e-24
2.594999999999999929e+01	5.519000000000000294e-02	1.809605484748391946e-01	7.797164225604708888e-25
2.600000000000000000e+01	5.520000000000000601e-02	1.088354144297331905e+00	2.826525352933357953e-23
2.605000000000000071e+01	5.521000000000000213e-02	7.793720087411858399e-01	1.468387948435049552e-23
2.610000000000000142e+01	5.522000000000000519e-02	4.198282162660998962e-01	4.307324209425486247e-24
2.614999999999999858e+01	5.523000000000000131e-02	8.421168761651410817e-01	1.759582773744920546e-23
2.619999999999999929e+01	5.524000000000000438e-02	1.302621397396495739e+00	4.264793080038634191e-23
2.625000000000000000e+01	5.525000000000000050e-02	3.822882391362231735e-01	3.699687299704254769e-24
2.630000000000000071e+01	5.526000000000000356e-02	9.616807740591872822e-01	2.414359649850951530e-23
2.635000000000000142e+01	5.526999999999999968e-02	9.538869086087773397e-01	2.355765996621701469e-23
2.639999999999999858e+01	5.528000000000000275e-02	2.197682547814264198e-01	1.286774496521478753e-24
2.644999999999999929e+01	5.529000000000000581e-02	2.967344526057216214e-01	2.328927566958164532e-24
2.650000000000000000e+01	5.530000000000000193e-02	1.507149175523011808e-01	6.091155952945393028e-25
2.655000000000000071e+01	5.531000000000000499e-02	7.429492180503483034e-01	1.486770809345334032e-23
2.660000000000000142e+01	5.532000000000000112e-02	8.871481190517520599e-01	2.149765119859926899e-23
2.664999999999999858e+01	5.533000000000000418e-02	7.175330001946330638e-01	1.423437080548333916e-23
2.669999999999999929e+01	5.534000000000000030e-02	1.104111175176170745e+00	3.452893523575957926e-23
2.675000000000000000e+01	5.535000000000000336e-02	4.383118247904143616e-01	5.424859418781008189e-24
2.680000000000000071e+01	5.536000000000000643e-02	-6.972067834905401607e-02	1.403594824115019833e-25
2.685000000000000142e+01	5.537000000000000255e-02	5.366114128353366430e-01	8.280195052254583746e-24
2.689999999999999858e+01	5.538000000000000561e-02	6.304772384056892554e-01	1.160107732184195427e-23
2.694999999999999929e+01	5.539000000000000173e-02	9.428393876886612679e-01	2.629543199608419691e-23
2.700000000000000000e+01	5.540000000000000480e-02	4.661484766817645675e-01	6.477249952509703019e-24
2.705000000000000071e+01	5.541000000000000092e-02	4.753691137693309421e-01	6.872631906017314551e-24
2.710000000000000142e+01	5.542000000000000398e-02	1.204091278178116120e+00	4.467778580055636087e-23
2.714999999999999858e+01	5.543000000000000010e-02	1.000305590233296016e+00	3.135424799098179255e-23
2.719999999999999929e+01	5.544000000000000317e-02	4.739909216658147462e-01	7.164593668468803686e-24
2.725000000000000000e+01	5.544999999999999929e-02	4.438414548140808824e-01	6.360420306930374539e-24
2.730000000000000071e+01	5.546000000000000235e-02	2.692033570420957478e-01	2.347373969748144099e-24
2.735000000000000142e+01	5.547000000000000541e-02	2.245042102123789851e-01	1.650578274720726470e-24
2.739999999999999858e+01	5.548000000000000154e-02	6.648279882907481841e-01	1.460574123401526223e-23
2.744999999999999929e+01	5.549000000000000460e-02	5.653204018033940459e-01	1.064597118653906724e-23
2.750000000000000000e+01	5.550000000000000072e-02	4.405487836768779419e-01	6.569867639045696072e-24
2.755000000000000071e+01	5.551000000000000378e-02	6.768960120749797360e-01	1.568663934022391707e-23
2.760000000000000142e+01	5.551999999999999991e-02	8.174778215855237340e-01	2.326862465160726420e-23
2.764999999999999858e+01	5.553000000000000297e-02	5.677675543087058463e-01	1.135130159794028600e-23
2.769999999999999929e+01	5.554000000000000603e-02	3.041521789157459188e-01	3.304841663320348774e-24
2.775000000000000000e+01	5.555000000000000215e-02	9.576373092919798768e-01	3.346421785941054208e-23
2.780000000000000071e+01	5.556000000000000522e-02	1.036121370885810800e+00	3.958878501552871287e-23
2.785000000000000142e+01	5.557000000000000134e-02	4.630163817137052940e-01	8.094367009487116895e-24
2.789999999999999858e+01	5.558000000000000440e-02	-5.746608491247300748e-02	1.246785673044204428e-25
2.794999999999999929e+01	5.559000000000000052e-02	7.961448350561282084e-01	2.469249380877706044e-23
2.800000000000000000e+01	5.560000000000000359e-02	1.008141887002822035e+00	3.928986430757502355e-23
2.805000000000000071e+01	5.561000000000000665e-02	1.705046057637557289e-01	1.160624165135983721e-24
2.810000000000000142e+01	5.562000000000000277e-02	5.790413176925186534e-01	1.349419958371405461e-23
2.814999999999999858e+01	5.562999999999999889e-02	5.118069631039225964e-01	1.064454523297463016e-23
2.819999999999999929e+01	5.564000000000000196e-02	2.080085351915291203e-01	1.777473922942060481e-24
2.825000000000000000e+01	5.565000000000000502e-02	9.186613845268165601e-01	3.562579954502093978e-23
2.830000000000000071e+01	5.566000000000000114e-02	8.712596235558718316e-01	3.209983688227483861e-23
2.835000000000000142e+01	5.567000000000000420e-02	1.079779978476186619e-01	5.061106211356080812e-25
2.839999999999999858e+01	5.568000000000000033e-02	5.536054473165522571e-01	1.347682014902598555e-23
2.844999999999999929e+01	5.569000000000000339e-02	1.131262151493779289e+00	5.753047789433461881e-23
2.850000000000000000e+01	5.569999999999999951e-02	6.730471369031604256e-01	2.062509143001235918e-23
2.855000000000000071e+01	5.571000000000000257e-02	4.751325252346830924e-02	1.049728681626052453e-25
2.860000000000000142e+01	5.572000000000000564e-02	4.168517260338925889e-01	8.166568405825609372e-24
2.864999999999999858e+01	5.573000000000000176e-02	8.039478939554558501e-01	3.082401173275262227e-23
2.869999999999999929e+01	5.574000000000000482e-02	5.276206908182190514e-01	1.345778553947350496e-23
2.875000000000000000e+01	5.575000000000000094e-02	3.038975861720944471e-01	4.554080792926294576e-24
2.880000000000000071e+01	5.576000000000000401e-02	2.662313605290985152e-01	3.510245395348740314e-24
2.885000000000000142e+01	5.577000000000000013e-02	8.257329093640678463e-01	3.482778207926905000e-23
2.889999999999999858e+01	5.578000000000000319e-02	1.069857086900246390e+00	5.911642981481551695e-23
2.894999999999999929e+01	5.579000000000000625e-02	-1.906652332035571606e-02	1.904893204244276949e-26
2.900000000000000000e+01	5.580000000000000238e-02	3.219219894094221823e-01	5.597391334375394213e-24
2.905000000000000071e+01	5.581000000000000544e-02	7.935654929563635829e-01	3.384202549263447005e-23
2.910000000000000142e+01	5.582000000000000156e-02	-1.355107976284918858e-01	9.979037956531459281e-25
2.914999999999999858e+01	5.583000000000000462e-02	4.468943896426834650e-01	1.118280831287682476e-23
2.919999999999999929e+01	5.584000000000000075e-02	8.468376330327969104e-01	3.991066327505375077e-23
2.925000000000000000e+01	5.585000000000000381e-02	9.271784549183154089e-01	5.046472027554827231e-23
2.930000000000000071e+01	5.586000000000000687e-02	1.152008471122870636e+00	7.912450049835377038e-23
2.935000000000000142e+01	5.587000000000000299e-02	4.338501268227081820e-01	1.159321943604232141e-23
2.939999999999999858e+01	5.587999999999999912e-02	-3.732921312641613865e-01	8.538681370831390359e-24
2.944999999999999929e+01	5.589000000000000218e-02	-4.113463816621155261e-02	1.057031066476604910e-25
2.950000000000000000e+01	5.590000000000000524e-02	1.490496838975726046e+00	1.418507487064628364e-22
2.955000000000000071e+01	5.591000000000000136e-02	7.859071208336045888e-01	3.965913915837776713e-23
2.960000000000000142e+01	5.592000000000000443e-02	-3.723023714331075845e-02	9.340592744716892690e-26
2.964999999999999858e+01	5.593000000000000055e-02	4.371925649843859674e-01	1.284806243655389895e-23
2.969999999999999929e+01	5.594000000000000361e-02	2.529628873673994138e-01	4.347977806633553264e-24
2.975000000000000000e+01	5.594999999999999973e-02	6.342120646258925243e-01	2.817980966880593919e-23
2.980000000000000071e+01	5.596000000000000280e-02	1.186382893451899179e+00	1.011990144207808851e-22
2.985000000000000142e+01	5.597000000000000586e-02	6.799571905469146138e-01	3.412654501816289848e-23
2.989999999999999858e+01	5.598000000000000198e-02	6.856822507282557266e-01	3.646216540848882958e-23
2.994999999999999929e+01	5.599000000000000504e-02	2.890709146515022532e-01	6.415754492637681718e-24
3.000000000000000000e+01	5.600000000000000117e-02	-7.396070982908818647e-02	4.351444255444233925e-25
