N	R	I
0	870.899	9.7e-05
1	870.9	9.7e-05
2	870.897	9.7e-05
3	870.885	9.7e-05
4	870.911	9.7e-05
5	870.894	9.7e-05
6	870.906	9.7e-05
7	870.908	9.7e-05
8	870.894	9.7e-05
9	870.915	9.7e-05
10	870.905	9.7e-05
11	870.891	9.7e-05
12	870.906	9.7e-05
13	870.884	9.7e-05
14	870.896	9.7e-05
15	870.896	9.7e-05
16	870.884	9.7e-05
17	870.893	9.7e-05
18	870.9	9.7e-05
19	870.881	9.7e-05
20	870.876	9.7e-05
21	870.898	9.7e-05
22	870.882	9.7e-05
23	870.873	9.7e-05
24	870.877	9.7e-05
25	870.873	9.7e-05
26	870.87	9.7e-05
27	870.868	9.7e-05
28	870.869	9.7e-05
29	870.857	9.7e-05
30	870.877	9.7e-05
31	870.86	9.7e-05
32	870.87	9.7e-05
33	870.863	9.7e-05
34	870.868	9.7e-05
35	870.88	9.7e-05
36	870.891	9.7e-05
37	870.869	9.7e-05
38	870.876	9.7e-05
39	870.872	9.7e-05
40	870.874	9.7e-05
41	870.873	9.7e-05
42	870.895	9.7e-05
43	870.88	9.7e-05
44	870.865	9.7e-05
45	870.862	9.7e-05
46	870.862	9.7e-05
47	870.837	9.7e-05
48	870.88	9.7e-05
49	870.892	9.7e-05
50	870.884	9.7e-05
51	870.881	9.7e-05
52	870.897	9.7e-05
53	870.868	9.7e-05
54	870.895	9.7e-05
55	870.904	9.7e-05
56	870.898	9.7e-05
57	870.889	9.7e-05
58	870.89	9.7e-05
59	870.903	9.7e-05
60	870.901	9.7e-05
61	870.88	9.7e-05
62	870.863	9.7e-05
63	870.855	9.7e-05
64	870.867	9.7e-05
65	870.867	9.7e-05
66	870.859	9.7e-05
67	870.853	9.7e-05
68	870.869	9.7e-05
69	870.862	9.7e-05
70	870.841	9.7e-05
71	870.855	9.7e-05
72	870.868	9.7e-05
73	870.869	9.7e-05
74	870.865	9.7e-05
75	870.867	9.7e-05
76	870.861	9.7e-05
77	870.864	9.7e-05
78	870.837	9.7e-05
79	870.869	9.7e-05
80	870.835	9.7e-05
81	870.857	9.7e-05
82	870.856	9.7e-05
83	870.837	9.7e-05
84	870.84	9.7e-05
85	870.878	9.7e-05
86	870.836	9.7e-05
87	870.874	9.7e-05
88	870.868	9.7e-05
89	870.885	9.7e-05
90	870.871	9.7e-05
91	870.875	9.7e-05
92	870.872	9.7e-05
93	870.87	9.7e-05
94	870.868	9.7e-05
95	870.889	9.7e-05
96	870.859	9.7e-05
97	870.886	9.7e-05
98	870.831	9.7e-05
99	870.866	9.7e-05
100	870.855	9.7e-05
101	870.864	9.7e-05
102	870.87	9.7e-05
103	870.844	9.7e-05
104	870.836	9.7e-05
105	870.847	9.7e-05
106	870.858	9.7e-05
107	870.85	9.7e-05
108	870.851	9.7e-05
109	870.844	9.7e-05
110	870.866	9.7e-05
111	870.853	9.7e-05
112	870.873	9.7e-05
113	870.884	9.7e-05
114	870.86	9.7e-05
115	870.852	9.7e-05
116	870.858	9.7e-05
117	870.86	9.7e-05
118	870.871	9.7e-05
119	870.857	9.7e-05
120	870.862	9.7e-05
121	870.855	9.7e-05
122	870.869	9.7e-05
123	870.849	9.7e-05
124	870.863	9.7e-05
125	870.888	9.7e-05
126	870.839	9.7e-05
127	870.851	9.7e-05
128	870.868	9.7e-05
129	870.863	9.7e-05
130	870.856	9.7e-05
131	870.883	9.7e-05
132	870.872	9.7e-05
133	870.876	9.7e-05
134	870.85	9.7e-05
135	870.856	9.7e-05
136	870.856	9.7e-05
137	870.865	9.7e-05
138	870.864	9.7e-05
139	870.87	9.7e-05
140	870.873	9.7e-05
141	870.872	9.7e-05
142	870.864	9.7e-05
143	870.866	9.7e-05
144	870.854	9.7e-05
145	870.853	9.7e-05
146	870.856	9.7e-05
147	870.853	9.7e-05
148	870.853	9.7e-05
149	870.851	9.7e-05
150	870.865	9.7e-05
151	870.878	9.7e-05
152	870.848	9.7e-05
153	870.866	9.7e-05
154	870.869	9.7e-05
155	870.861	9.7e-05
156	870.868	9.7e-05
157	870.883	9.7e-05
158	870.884	9.7e-05
159	870.878	9.7e-05
160	870.876	9.7e-05
161	870.884	9.7e-05
162	870.874	9.7e-05
163	870.896	9.7e-05
164	870.865	9.7e-05
165	870.88	9.7e-05
166	870.871	9.7e-05
167	870.877	9.7e-05
168	870.872	9.7e-05
169	870.89	9.7e-05
170	870.847	9.7e-05
171	870.839	9.7e-05
172	870.854	9.7e-05
173	870.866	9.7e-05
174	870.859	9.7e-05
175	870.86	9.7e-05
176	870.868	9.7e-05
177	870.854	9.7e-05
178	870.875	9.7e-05
179	870.866	9.7e-05
180	870.878	9.7e-05
181	870.861	9.7e-05
182	870.849	9.7e-05
183	870.852	9.7e-05
184	870.873	9.7e-05
185	870.854	9.7e-05
186	870.845	9.7e-05
187	870.845	9.7e-05
188	870.861	9.7e-05
189	870.887	9.7e-05
190	870.86	9.7e-05
191	870.883	9.7e-05
192	870.883	9.7e-05
193	870.882	9.7e-05
194	870.888	9.7e-05
195	870.882	9.7e-05
196	870.879	9.7e-05
197	870.871	9.7e-05
198	870.873	9.7e-05
199	870.856	9.7e-05
200	870.874	9.7e-05
201	870.868	9.7e-05
202	870.85	9.7e-05
203	870.837	9.7e-05
204	870.862	9.7e-05
205	870.838	9.7e-05
206	870.83	9.7e-05
207	870.838	9.7e-05
208	870.859	9.7e-05
209	870.877	9.7e-05
210	870.84	9.7e-05
211	870.842	9.7e-05
212	870.858	9.7e-05
213	870.844	9.7e-05
214	870.847	9.7e-05
215	870.857	9.7e-05
216	870.861	9.7e-05
217	870.869	9.7e-05
218	870.847	9.7e-05
219	870.851	9.7e-05
220	870.846	9.7e-05
221	870.839	9.7e-05
222	870.849	9.7e-05
223	870.844	9.7e-05
224	870.855	9.7e-05
